DBRep_DrawableShape

CASCADE Topology V1, (c) Matra-Datavision
Locations 8
1
              1              -0               0             -24 
              0               1               0          -112.5 
             -0               0               1           13.85 
1
              1              -0               0              24 
              0               1               0          -112.5 
             -0               0               1           13.85 
1
              1              -0               0             -24 
              0               1               0           112.5 
             -0               0               1           13.85 
1
              1              -0               0              24 
              0               1               0           112.5 
             -0               0               1           13.85 
2  1 -1 0
2  2 -1 0
2  3 -1 0
2  4 -1 0
Curve2ds 166
1 -4.7123889803846897 13.850000000000001 1 0 
1 -3.1415926535897931 0 1 0 
1 6.2831853071795862 0 -1 0 
1 0 13.850000000000001 1 0 
1 6.2831853071795862 0 -1 0 
1 0 13.850000000000001 1 0 
1 6.2831853071795862 0 -1 0 
1 6.2831853071795862 0 -1 0 
1 0 13.850000000000001 1 0 
1 6.2831853071795862 13.850000000000001 -1 0 
1 6.2831853071795862 23.25 -1 0 
1 6.2831853071795862 23.25 -1 0 
1 6.2831853071795862 13.850000000000001 -1 0 
1 6.2831853071795862 0 -1 0 
1 0 13.850000000000001 1 0 
1 6.2831853071795862 0 -1 0 
1 -0 -0.35355339059327379 -1 0 
1 -0 -0.35355339059327379 -1 0 
1 -0 -0.35355339059327379 -1 0 
1 -0 -0.35355339059327379 -1 0 
1 -0 -0.35355339059327379 -1 0 
1 -0 -0.35355339059327379 -1 0 
1 0 0 0 1 
1 0 0 0 1 
1 -0 -0.35355339059327379 -1 0 
1 -0 -0.35355339059327379 -1 0 
1 1.5707963267948966 0.5 -1 -0 
1 0 0 1 0 
1 1.5707963267948966 0 0 1 
1 0 0 0 1 
1 1.5707963267948966 0 0 1 
1 0 0 0 1 
1 1.5707963267948919 13.350000000000001 -1 -0 
1 0 0 1 0 
1 6.2831853071795862 0 0 1 
1 0 0 0 1 
1 0 -4.25 1 0 
1 6.2831853071795862 -0 0 1 
1 0 -0 0 1 
1 0 0.5 1 0 
1 0 0 1 0 
1 6.2831853071795862 0 0 1 
1 0 0 0 1 
1 0 -4.25 1 0 
1 0 0.5 1 0 
1 0 0 1 0 
1 6.2831853071795862 0 0 1 
1 0 0 0 1 
1 0 -4.25 1 0 
1 6.2831853071795862 0 0 1 
1 0 0 0 1 
1 0 -4.25 1 0 
1 0 0.5 1 0 
1 0 0 1 0 
1 1.5707963267948966 0 0 1 
1 -0 -0.35355339059327379 -1 0 
1 -0 -0.35355339059327379 -1 0 
1 1.5707963267948966 0 0 1 
1 0 0 0 1 
1 1.5707963267948966 0.5 -1 -0 
1 0 0 1 0 
1 0 0 0 1 
1 0 36.600000000000001 1 0 
1 0 0 1 0 
1 0 0 0 1 
1 -0 -0.35355339059327379 -1 0 
1 -0 -0.35355339059327379 -1 0 
1 -0 -0.35355339059327379 -1 0 
1 -0 -0.35355339059327379 -1 0 
1 0 0 0 1 
1 0 36.600000000000001 1 0 
1 0 0 1 0 
1 1.5707963267948966 0 0 1 
1 1.5707963267948961 0.5 -1 -0 
1 0 0 1 0 
1 1.5707963267948966 0 0 1 
1 6.2831853071795862 0 0 1 
1 0 0 0 1 
1 0 -4.25 1 0 
1 0 0.5 1 0 
1 0 0 1 0 
1 6.2831853071795862 0 0 1 
1 0 0 0 1 
1 0 -4.25 1 0 
1 -1 1.0606601717798214 -0.57735026918962573 0.81649658092772603 
1 -4 1.0606601717798214 0.57735026918962573 0.81649658092772603 
1 -1 1.0606601717798214 -0.57735026918962573 0.81649658092772603 
1 -4 1.0606601717798214 0.57735026918962573 0.81649658092772603 
1 0 0.35355339059327379 -1 0 
1 0 0.35355339059327379 -1 0 
1 -60.339999999999975 -0.17677669529678763 -4.9997029845972067e-15 1 
1 -60.339999999999975 -0.17677669529678763 -4.9997029845972067e-15 1 
1 1.5707963267948966 0 0 1 
1 1.5707963267948966 0 0 1 
1 -9.8066666666666613 13.515167611078887 -0.57735026918962573 0.81649658092772603 
1 -9.8066666666666613 13.515167611078887 -0.57735026918962573 0.81649658092772603 
1 -0 0.35355339059327379 -1 0 
1 -0 0.35355339059327379 -1 0 
1 -0.49999999999997158 0.17677669529663689 -4.9997029845972067e-15 -1 
1 -0.49999999999997158 0.17677669529663689 -4.9997029845972067e-15 -1 
1 -0 0.35355339059327379 -1 0 
1 -0 0.35355339059327379 -1 0 
1 -50.533333333333331 14.222274392265435 0.57735026918962573 0.81649658092772603 
1 -10.306666666666672 14.222274392265435 -0.57735026918962573 0.81649658092772603 
1 -50.533333333333331 14.222274392265435 0.57735026918962573 0.81649658092772603 
1 -10.306666666666672 14.222274392265435 -0.57735026918962573 0.81649658092772603 
1 1.5707963267948966 0.35355339059327306 0 1 
1 -9.473903143468002e-15 0.35355339059327306 0 1 
1 1.5707963267948966 0.5 -1 -0 
1 0 0 1 0 
1 9.473903143468002e-15 41.600000000000001 1 0 
1 0 0 1 0 
1 1.5707963267948966 0 0 1 
1 -0 0.35355339059327379 -1 0 
1 -0 0.35355339059327379 -1 0 
1 -4.0000000000000036 1.0606601717798214 0.57735026918962573 0.81649658092772603 
1 -4.0000000000000036 1.0606601717798214 0.57735026918962573 0.81649658092772603 
1 0 0.35355339059327662 0 1 
1 0 0.70710678118654757 1 0 
1 1.5707963267948966 0.5 -1 -0 
1 0 0 1 0 
1 0 41.600000000000001 1 0 
1 0 0 1 0 
1 1.5707963267948966 0 0 1 
1 -4.6629367034256575e-15 0.35355339059327306 0 1 
1 0 0.35355339059326951 0 1 
1 1.5707963267948919 0 0 1 
1 0 0.70710678118654757 1 0 
1 6.2831853071795862 0 0 1 
1 0 0 0 1 
1 0 0.70710678118654757 1 0 
1 6.2831853071795862 0 0 1 
1 0 0 0 1 
1 0 0.70710678118654757 1 0 
1 6.2831853071795862 0 0 1 
1 0 0 0 1 
1 0 0.70710678118654757 1 0 
1 1.5707963267948966 0 0 1 
1 -0 0.35355339059327379 -1 0 
1 -0 0.35355339059327379 -1 0 
1 0 0.3535533905932482 0 1 
1 0 0.70710678118654757 1 0 
1 1.5707963267948966 0 0 1 
1 0 0.35355339059327662 0 1 
1 0 0.70710678118654757 1 0 
1 -0 0.35355339059327379 -1 0 
1 -0 0.35355339059327379 -1 0 
1 0 0.35355339059327662 0 1 
1 1.5707963267948961 0.35355339059327662 0 1 
1 -0 0.35355339059327379 -1 0 
1 -0 0.35355339059327379 -1 0 
1 0 0.70710678118654757 1 0 
1 1.5707963267948966 0 0 1 
1 -4.4408920985006262e-16 0.3535533905932482 0 1 
1 0 0.70710678118654757 1 0 
1 6.2831853071795862 0 0 1 
1 0 0 0 1 
1 0 0.70710678118654757 1 0 
1 0 0.70710678118654757 1 0 
1 0 0.35355339059327662 0 1 
1 1.570796326794887 0 0 1 
1 0 0.35355339059327662 0 1 
1 1.5707963267948966 0 0 1 
1 0 0.70710678118654757 1 0 
1 0 0.70710678118654757 1 0 
1 0 0.70710678118654757 1 0 
Curves 165
1 -25 -119.5 2.75 0 -1 0 
1 25 -179.84 2.75 -1 0 0 
1 -30 -119.5 2.75 1 0 0 
1 25 -180.34 2.75 0 1 0 
8 0 298.84000000000003
1 -30 -180.34 2.75 0 1 0 
1 25 -119.5 2.75 1 0 0 
8 4.7123889803846986 6.2831853071795862
2 -27 115.5 2.75 0 0 -1 0 1 0 1 -0 0 3
8 0 298.84000000000003
1 30 118.5 2.75 0 -1 0 
1 2.3463696154417221e-14 118.5 2.75 1 0 0 
8 3.1415926535897931 4.7123889803846897
2 27 115.5 2.75 -0 -0 -1 0 -1 0 -1 0 0 3
2 -27.5 -106 2.75 0 0 -1 1 0 0 0 -1 0 1
2 -24 -112.5 2.75 0 0 -1 -1 0 0 0 1 0 2.6499999999999999
2 0 -112.5 2.75 0 0 -1 1 0 0 0 -1 0 1
2 24 -112.5 2.75 0 0 -1 -1 0 0 0 1 0 2.6499999999999999
2 27.5 -106 2.75 0 0 -1 1 0 0 0 -1 0 1
2 -27.5 106 2.75 0 0 -1 1 0 0 0 -1 0 1
2 -24 112.5 2.75 0 0 -1 -1 0 0 0 1 0 2.6499999999999999
8 0 32
1 -16 -106.5 2.75 1 0 0 
2 -16 -97.5 2.75 0 0 -1 -1 -0 -0 -0 1 0 9
2 16 -97.5 2.75 0 0 1 1 0 -0 -0 1 0 9
1 -25 -2.3463696154417221e-14 2.75 0 1 0 
1 25 -2.3463696154417221e-14 2.75 0 -1 0 
2 -16 97.5 2.75 0 0 1 -1 0 0 0 -1 0 9
2 16 97.5 2.75 0 0 -1 1 0 0 0 -1 0 9
1 12.500000000000023 106.5 2.75 -1 0 0 
2 0 112.5 2.75 0 0 -1 1 0 0 0 -1 0 1
2 24 112.5 2.75 0 0 -1 -1 0 0 0 1 0 2.6499999999999999
2 27.5 106 2.75 0 0 -1 1 0 0 0 -1 0 1
1 -25 -119.5 2.75 -0 -0 -1 
1 -25 -119.5 -25 0 -1 0 
1 -25 -179.84 2.75 -0 -0 -1 
8 -0.28867513459480942 0.57735026918963561
1 25.166666666666664 -180.00666666666666 2.916666666666667 0.57735026918962573 -0.57735026918962573 0.57735026918962573 
1 25 -180.34 3.25 -1 0 0 
8 14.145081595145825 15.011106998930265
1 -16.833333333333329 -171.67333333333335 -5.4166666666666643 -0.57735026918962573 -0.57735026918962573 0.57735026918962573 
1 -30 -119.5 2.75 -0 -0 -1 
1 -30 -119.5 -25 1 0 0 
1 25 -119.5 2.75 -0 -0 -1 
1 25 -180.34 -25 0 1 0 
1 25 -179.84 2.75 -0 -0 -1 
1 -30 115.5 16.600000000000001 0 0 -1 
1 -30 115.5 16.100000000000001 0 -1 0 
1 -30 -177.34 -25.5 0 0 1 
1 -30 -177.34 -25 0 1 0 
1 25 -119.5 -25 1 0 0 
1 30 -119.5 2.75 -0 -0 -1 
2 -27 115.5 16.100000000000001 0 0 1 0 1 -0 -1 0 0 3
1 -27 118.5 16.600000000000001 0 0 -1 
1 30 -177.34 16.600000000000001 0 0 -1 
1 30 -177.34 16.100000000000001 0 1 0 
1 30 -119.5 -25 0 -1 0 
1 30 115.5 2.75 0 0 1 
1 27 118.5 2.75 0 0 1 
1 27 118.5 16.100000000000001 -1 0 0 
2 27 115.5 16.100000000000001 0 0 1 1 4.736951571734001e-15 -0 -4.736951571734001e-15 1 0 3
1 -26.5 -106 2.75 -0 -0 -1 
2 -27.5 -106 7 0 0 1 1 0 0 0 1 0 1
1 -2.6499999999999999 -6.4906280354809719e-16 2.75 0 0 -1 
2 -24 -112.5 16.100000000000001 -0 0 -1 -1 0 0 0 1 -0 2.6499999999999999
1 1 -112.5 2.75 -0 -0 -1 
2 0 -112.5 7 0 0 1 1 0 0 0 1 0 1
1 -2.6499999999999999 -6.4906280354809719e-16 2.75 0 0 -1 
2 24 -112.5 16.100000000000001 -0 0 -1 -1 0 0 0 1 -0 2.6499999999999999
1 28.5 -106 2.75 -0 -0 -1 
2 27.5 -106 7 0 0 1 1 0 0 0 1 0 1
1 -26.5 106 2.75 -0 -0 -1 
2 -27.5 106 7 0 0 1 1 0 0 0 1 0 1
1 -2.6499999999999999 -6.4906280354809719e-16 2.75 0 0 -1 
2 -24 112.5 16.100000000000001 -0 0 -1 -1 0 0 0 1 -0 2.6499999999999999
1 16 -106.5 -20.5 0 0 1 
1 16 -106.5 16.100000000000001 -1 0 0 
1 -16 -106.5 16.600000000000001 0 0 -1 
1 -25 -97.5 16.600000000000001 0 0 -1 
2 -16 -97.5 16.100000000000001 -0 -0 -1 0 -1 0 -1 0 0 9
1 25 -97.5 -20.5 0 0 1 
2 16 -97.5 16.100000000000001 0 -0 -1 1 0 -0 0 -1 0 9
1 -25 97.5 -20.5 0 0 1 
1 -25 -97.5 16.100000000000001 0 1 0 
1 25 97.5 16.100000000000001 0 -1 0 
1 25 97.5 16.600000000000001 0 0 -1 
2 -16 97.5 16.100000000000001 -0 0 -1 -1 0 0 0 1 -0 9
1 -16 106.5 -20.5 0 0 1 
2 16 97.5 16.100000000000001 0 -0 -1 3.9474596431116675e-16 1 -0 1 -3.9474596431116675e-16 0 9
1 16 106.5 16.600000000000001 0 0 -1 
1 -16 106.5 16.100000000000001 1 -0 -0 
1 1 112.5 2.75 -0 -0 -1 
2 0 112.5 7 0 0 1 1 0 0 0 1 0 1
1 -2.6499999999999999 -6.4906280354809719e-16 2.75 0 0 -1 
2 24 112.5 16.100000000000001 -0 0 -1 -1 0 0 0 1 -0 2.6499999999999999
1 28.5 106 2.75 -0 -0 -1 
2 27.5 106 7 0 0 1 1 0 0 0 1 0 1
8 -1.7320508075688812 -0.86602540378444059
1 -26 -120.5 -26 -0.57735026918962573 -0.57735026918962573 -0.57735026918962573 
1 -25.5 -119.5 -25.5 0 -1 0 
8 -0.17677669529649115 0.53033008589006136
1 -25.124999999999893 -179.83999999999997 -25.124999999999893 -0.70710678118654746 -4.9997029845972067e-15 -0.70710678118654746 
1 -25.5 -180.34 2.75 -0 -0 -1 
8 -0.17677669529677001 0.53033008588977992
1 -25.125000000000099 -179.96500000000009 -24.999999999999989 -0.70710678118654746 -0.70710678118654746 1.0095554103513806e-14 
1 25.5 -180.34 2.75 -0 -0 -1 
8 -0.35355339059312302 0.35355339059340185
1 25.250000000000092 -180.09000000000009 -24.999999999999986 -0.70710678118654746 0.70710678118654746 -1.0095554103513806e-14 
1 -27 -180.34 -25.5 0 0 1 
1 -25 -180.34 -25 -1 -0 0 
1 -27 -180.34 16.100000000000001 1 0 0 
1 27 -180.34 16.600000000000001 0 0 -1 
1 27 -180.34 -25 -1 -0 0 
8 -16.985644919558787 -16.119619515774346
1 -20.193333333333339 -129.30666666666667 -34.806666666666665 0.57735026918962573 -0.57735026918962573 -0.57735026918962573 
1 -30 -120 -25.5 1 0 0 
8 -0.17677669529663437 0.53033008588991559
1 25.375 -179.84000000000003 -25.375 -0.70710678118654746 4.9997029845972067e-15 0.70710678118654746 
1 25.5 -180.34 -25.5 0 1 0 
8 -17.851670323343242 -16.985644919558801
1 35.306666666666672 -129.80666666666667 -35.306666666666672 0.57735026918962573 -0.57735026918962573 -0.57735026918962573 
1 -29.75 115.5 16.350000000000001 0.70710678118654757 0 0.70710678118654757 
1 -29.5 115.5 16.600000000000001 0 -1 0 
1 -29.75 -177.34000000000003 16.350000000000001 0.70710678118654757 0 0.70710678118654757 
2 -27 -177.34 -25 -0 0 -1 -0 -1 0 -1 0 0 3
2 -27 -177.34 16.100000000000001 0 0 1 -1 -9.473903143468002e-15 0 9.473903143468002e-15 -1 0 3
1 -30 -177.34 -25 0.70710678118654757 4.329780281177467e-17 -0.70710678118654746 
1 -29.5 -177.34 -25.5 0 1 0 
1 25 -120 -25.5 1 0 0 
8 -1.7320508075688732 -0.86602540378443238
1 29.000000000000004 -120.5 -26 -0.57735026918962573 -0.57735026918962573 -0.57735026918962573 
1 -27 118.25 16.350000000000001 0 -0.70710678118654757 0.70710678118654757 
2 -27 115.5 16.600000000000001 0 0 1 0 1 -0 -1 0 0 2.5
2 27 -177.34 16.100000000000001 0 0 1 0 -1 0 1 0 -0 3
2 27 -177.34 -25 0 0 -1 1 0 0 0 -1 -0 3
1 30 -177.34 16.100000000000001 -0.70710678118654757 4.329780281177467e-17 0.70710678118654746 
1 29.5 -177.34 16.600000000000001 0 1 0 
1 29.75 115.50000000000003 16.350000000000001 -0.70710678118654757 -0 0.70710678118654757 
1 29.5 -119.5 -25.5 0 -1 0 
1 29.75 -177.34 -25.25 -0.70710678118654757 -0 -0.70710678118654757 
1 27 118.5 16.100000000000001 9.0386124776844052e-18 -0.70710678118654757 0.70710678118654746 
1 27 118 16.600000000000001 -1 0 0 
2 27 115.5 16.600000000000001 0 0 1 1 4.736951571734001e-15 -0 -4.736951571734001e-15 1 0 2.5
1 -26.649999999999999 -112.5 16.100000000000001 -0.70710678118654757 0 0.70710678118654746 
2 -24 -112.5 16.600000000000001 -0 0 -1 -1 0 0 0 1 -0 3.1499999999999999
1 21.350000000000001 -112.5 16.100000000000001 -0.70710678118654757 0 0.70710678118654746 
2 24 -112.5 16.600000000000001 -0 0 -1 -1 0 0 0 1 -0 3.1499999999999999
1 -26.649999999999999 112.5 16.100000000000001 -0.70710678118654757 0 0.70710678118654746 
2 -24 112.5 16.600000000000001 -0 0 -1 -1 0 0 0 1 -0 3.1499999999999999
1 16 -106.5 16.100000000000001 4.329780281177467e-17 -0.70710678118654757 0.70710678118654746 
1 16 -107 16.600000000000001 -1 0 0 
1 -16 -106.75 16.350000000000001 0 -0.70710678118654757 0.70710678118654757 
2 -16 -97.5 16.600000000000001 -0 -0 -1 0 -1 0 -1 0 0 9.5
1 -25 -97.5 16.100000000000001 -0.70710678118654757 -4.329780281177467e-17 0.70710678118654746 
1 25.25 -97.5 16.350000000000001 0.70710678118654757 0 0.70710678118654757 
2 16 -97.5 16.600000000000001 0 -0 -1 1 0 -0 0 -1 0 9.5
1 -25.5 -97.5 16.600000000000001 0 1 0 
1 -25.25 97.5 16.350000000000001 -0.70710678118654757 -0 0.70710678118654757 
1 25.25 97.5 16.350000000000001 0.70710678118654757 0 0.70710678118654757 
1 25.5 97.5 16.600000000000001 0 -1 0 
2 -16 97.5 16.600000000000001 -0 0 -1 -1 0 0 0 1 -0 9.5
1 -16 106.5 16.100000000000001 -4.329780281177467e-17 0.70710678118654757 0.70710678118654746 
1 16 106.75 16.350000000000001 0 0.70710678118654757 0.70710678118654757 
2 16 97.5 16.600000000000001 0 -0 -1 3.9474596431116675e-16 1 -0 1 -3.9474596431116675e-16 0 9.5
1 -16 107 16.600000000000001 1 -0 -0 
1 21.350000000000001 112.5 16.100000000000001 -0.70710678118654757 0 0.70710678118654746 
2 24 112.5 16.600000000000001 -0 0 -1 -1 0 0 0 1 -0 3.1499999999999999
1 -25 -179.84 -25.5 -1 -0 0 
2 -27 -177.34 -25.5 -0 0 -1 -0 -1 0 -1 0 0 2.5
8 -0.35355339059327118 0.35355339059328378
1 -25.500000000000014 -180.09 -25.250000000000007 -1.5095257088111013e-14 -0.70710678118654746 0.70710678118654746 
8 -0.17677669529666198 0.53033008588986785
1 25.500000000000014 -179.96500000000003 -25.374999999999993 1.5095257088111013e-14 -0.70710678118654746 0.70710678118654746 
1 -27 -180.09 -25.25 -0 0.70710678118654757 -0.70710678118654757 
1 -27 -180.34 16.100000000000001 9.5634218101234251e-17 0.70710678118654757 0.70710678118654746 
1 -27 -179.84 16.600000000000001 1 0 0 
1 27 -180.09 16.350000000000001 -0 0.70710678118654757 0.70710678118654757 
1 27 -180.34 -25 -4.329780281177467e-17 0.70710678118654757 -0.70710678118654746 
1 27 -179.84 -25.5 -1 -0 0 
2 27 -177.34 -25.5 0 0 -1 1 0 0 0 -1 -0 2.5
2 -27 -177.34 16.600000000000001 0 0 1 -1 -9.473903143468002e-15 0 9.473903143468002e-15 -1 0 2.5
2 27 -177.34 16.600000000000001 0 0 1 0 -1 0 1 0 -0 2.5
Polygon3D 0
PolygonOnTriangulations 0
Surfaces 89
1 4.6927392308834442e-14 -4.6927392308834442e-14 2.75 0 0 1 1 0 -0 -0 1 0 
2 -27 115.5 16.600000000000001 0 0 -1 -1 -0 -0 -0 1 0 3
2 27 115.5 2.75 0 0 1 0 1 0 1 -0 -0 3
2 -27.5 -106 2.75 -0 -0 -1 1 0 0 0 1 0 1
2 0 0 2.75 0 0 -1 -1 0 0 0 1 0 2.6499999999999999
2 0 -112.5 2.75 -0 -0 -1 1 0 0 0 1 0 1
2 0 0 2.75 0 0 -1 -1 0 0 0 1 0 2.6499999999999999
2 27.5 -106 2.75 -0 -0 -1 1 0 0 0 1 0 1
2 -27.5 106 2.75 -0 -0 -1 1 0 0 0 1 0 1
2 0 0 2.75 0 0 -1 -1 0 0 0 1 0 2.6499999999999999
2 -16 -97.5 16.600000000000001 0 0 -1 -1 -0 -0 0 -1 -0 9
2 16 -97.5 -20.5 0 0 1 1 0 -0 0 -1 -0 9
2 -16 97.5 -20.5 0 0 1 -1 0 0 -0 1 -0 9
2 16 97.5 16.600000000000001 0 0 -1 1 0 0 -0 1 -0 9
2 0 112.5 2.75 -0 -0 -1 1 0 0 0 1 0 1
2 0 0 2.75 0 0 -1 -1 0 0 0 1 0 2.6499999999999999
2 27.5 106 2.75 -0 -0 -1 1 0 0 0 1 0 1
1 -25 -119.5 2.75 -1 0 0 0 -1 0 0 0 1 
1 -25.25 -119.5 -25.25 -0.70710678118654746 0 0.70710678118654746 -0 1 -0 -0.70710678118654757 -0 -0.70710678118654757 
1 -25.25 -119.5 -25.25 -0.70710678118654746 0 0.70710678118654746 -0 1 -0 -0.70710678118654757 -0 -0.70710678118654757 
1 25 -180.09 3 0 0.70710678118654746 0.70710678118654746 -1 0 0 0 -0.70710678118654757 0.70710678118654757 
1 -30 -119.5 2.75 0 -1 0 1 0 0 -0 0 1 
1 -30 -119.75 -25.25 0 -0.70710678118654746 0.70710678118654746 -1 -0 -0 0 -0.70710678118654757 -0.70710678118654757 
1 -30 -119.75 -25.25 0 -0.70710678118654746 0.70710678118654746 -1 -0 -0 0 -0.70710678118654757 -0.70710678118654757 
1 25 -180.34 2.75 1 0 0 -0 1 0 0 -0 1 
1 25.25 -180.34 -25.25 0.70710678118654746 0 0.70710678118654746 0 -1 -0 0.70710678118654757 0 -0.70710678118654757 
1 25.25 -180.34 -25.25 0.70710678118654746 0 0.70710678118654746 0 -1 -0 0.70710678118654757 0 -0.70710678118654757 
1 -30 0 -8.875 -1 -0 -0 0 0 -1 0 -1 0 
2 -27 -177.34 -25.5 0 0 1 -1 0 0 0 -1 0 3
1 25 -119.5 2.75 0 -1 0 1 0 0 -0 0 1 
1 25 -119.75 -25.25 0 -0.70710678118654746 0.70710678118654746 -1 -0 -0 0 -0.70710678118654757 -0.70710678118654757 
1 25 -119.75 -25.25 0 -0.70710678118654746 0.70710678118654746 -1 -0 -0 0 -0.70710678118654757 -0.70710678118654757 
3 -27 115.5 16.100000000000001 0 0 1 0 1 -0 -1 0 -0 3
-0.78539816339744839
1 0 118.5 -8.875 0 1 0 0 -0 1 1 0 -0 
1 30 0 -8.875 1 0 0 -0 0 1 0 -1 0 
2 27 -177.34 16.600000000000001 0 0 -1 1 0 0 0 -1 0 3
3 27 115.5 16.100000000000001 0 0 1 1 4.736951571734001e-15 -0 -4.736951571734001e-15 1 -0 3
-0.78539816339744839
3 -24 -112.5 16.100000000000001 0 0 1 -1 0 0 -0 1 -0 2.6499999999999999
0.78539816339744839
3 24 -112.5 16.100000000000001 0 0 1 -1 0 0 -0 1 -0 2.6499999999999999
0.78539816339744839
3 -24 112.5 16.100000000000001 0 0 1 -1 0 0 -0 1 -0 2.6499999999999999
0.78539816339744839
1 25 -106.5 2.75 0 -1 0 -1 0 0 -0 -0 -1 
1 16 -106.75 16.350000000000001 0 -0.70710678118654746 -0.70710678118654746 1 0 -0 0 -0.70710678118654757 0.70710678118654757 
1 16 -106.75 16.350000000000001 0 -0.70710678118654746 -0.70710678118654746 1 0 -0 0 -0.70710678118654757 0.70710678118654757 
1 -25 0 -8.875 -1 -0 -0 0 0 -1 0 -1 0 
3 -16 -97.5 16.100000000000001 0 0 1 0 -1 0 -1 -0 0 9
0.78539816339744839
1 25 0 -8.875 1 0 0 -0 0 1 0 -1 0 
3 16 -97.5 16.100000000000001 0 0 1 1 0 -0 0 -1 -0 9
0.78539816339744839
1 -25.25 -97.5 16.350000000000001 -0.70710678118654746 0 -0.70710678118654746 -0 -1 -0 -0.70710678118654757 -0 0.70710678118654757 
1 -25.25 -97.5 16.350000000000001 -0.70710678118654746 0 -0.70710678118654746 -0 -1 -0 -0.70710678118654757 -0 0.70710678118654757 
1 25.25 97.5 16.350000000000001 0.70710678118654746 0 -0.70710678118654746 -0 1 -0 0.70710678118654757 0 0.70710678118654757 
1 25.25 97.5 16.350000000000001 0.70710678118654746 0 -0.70710678118654746 -0 1 -0 0.70710678118654757 0 0.70710678118654757 
3 -16 97.5 16.100000000000001 0 0 1 -1 0 0 -0 1 -0 9
0.78539816339744839
1 25 106.5 2.75 0 -1 0 -1 0 0 -0 -0 -1 
3 16 97.5 16.100000000000001 0 0 1 3.9474596431116675e-16 1 -0 1 -3.9474596431116675e-16 -0 9
0.78539816339744839
3 24 112.5 16.100000000000001 0 0 1 -1 0 0 -0 1 -0 2.6499999999999999
0.78539816339744839
1 -25.25 -119.5 -25.25 -0.70710678118654746 0 0.70710678118654746 0 -1 0 -0.70710678118654757 -0 -0.70710678118654757 
1 -25.25 -180.09 2.75 -0.70710678118654746 0.70710678118654746 0 -0 0 -1 -0.70710678118654757 -0.70710678118654757 0 
1 25.25 -180.09 2.75 0.70710678118654746 0.70710678118654746 0 0 0 -1 -0.70710678118654757 0.70710678118654757 0 
1 0 -180.34 -8.875 -0 -1 -0 0 0 -1 1 -0 0 
1 -30 -119.75 -25.25 0 -0.70710678118654746 0.70710678118654746 1 0 0 0 -0.70710678118654757 -0.70710678118654757 
1 25.25 -180.34 -25.25 0.70710678118654746 0 0.70710678118654746 -0 1 0 0.70710678118654757 0 -0.70710678118654757 
1 -29.75 115.5 16.350000000000001 -0.70710678118654746 0 0.70710678118654746 0 -1 0 0.70710678118654757 0 0.70710678118654757 
3 -27 -177.34 16.100000000000001 0 0 1 -1 -9.473903143468002e-15 0 9.473903143468002e-15 -1 -0 3
-0.78539816339744839
3 -27 -177.34 -25 -0 0 -1 -0 -1 0 -1 0 0 3
-0.78539816339744839
1 -29.75 -177.34 -25.25 -0.70710678118654746 0 -0.70710678118654746 0 1 0 0.70710678118654757 0 -0.70710678118654757 
1 25 -119.75 -25.25 0 -0.70710678118654746 0.70710678118654746 1 0 0 0 -0.70710678118654757 -0.70710678118654757 
1 27 118.25 16.350000000000001 0 0.70710678118654746 0.70710678118654746 -1 0 0 0 -0.70710678118654757 0.70710678118654757 
3 27 -177.34 16.100000000000001 0 0 1 0 -1 0 1 -0 -0 3
-0.78539816339744839
3 27 -177.34 -25 -0 0 -1 1 0 0 0 -1 -0 3
-0.78539816339744839
1 29.75 -177.34 16.350000000000001 0.70710678118654746 0 0.70710678118654746 -0 1 0 -0.70710678118654757 -0 0.70710678118654757 
1 29.75 -119.5 -25.25 0.70710678118654746 0 -0.70710678118654746 0 -1 0 -0.70710678118654757 -0 -0.70710678118654757 
1 -27.5 -105.99999999999999 7 0 0 1 1 0 -0 -0 1 0 
1 5.9825505798599924e-16 -112.50000000000001 7 0 0 1 1 0 -0 -0 1 0 
1 27.5 -105.99999999999999 7 0 0 1 1 0 -0 -0 1 0 
1 -27.5 105.99999999999999 7 0 0 1 1 0 -0 -0 1 0 
1 16 -106.75 16.350000000000001 0 -0.70710678118654746 -0.70710678118654746 -1 -0 0 0 -0.70710678118654757 0.70710678118654757 
1 -25.25 -97.5 16.350000000000001 -0.70710678118654746 0 -0.70710678118654746 0 1 0 -0.70710678118654757 -0 0.70710678118654757 
1 25.25 97.5 16.350000000000001 0.70710678118654746 0 -0.70710678118654746 0 -1 0 0.70710678118654757 0 0.70710678118654757 
1 -16 106.75 16.350000000000001 0 -0.70710678118654746 0.70710678118654746 1 0 -0 0 0.70710678118654757 0.70710678118654757 
1 5.9825505798599924e-16 112.49999999999999 7 0 0 1 1 0 -0 -0 1 0 
1 27.5 105.99999999999999 7 0 0 1 1 0 -0 -0 1 0 
1 -27.499999999999996 -149.92000000000002 -25.5 -0 -0 -1 -1 0 0 0 1 -0 
1 -24.999999999999996 -179.84 -24.999999999999996 0.5773502691896244 -0.57735026918963261 -0.57735026918962029 -1.0103029524088926e-14 -0.70710678118654513 0.70710678118655002 -0.81649658092772703 -0.40824829046385763 -0.40824829046386651 
1 25.499999999999996 -179.84 -25.5 0.5773502691896244 0.57735026918963261 0.57735026918962029 -0.70710678118655257 0.70710678118654247 0 -0.40824829046385624 -0.40824829046386207 0.81649658092772992 
1 -25 -180.09 -25.25 0 -0.70710678118654746 -0.70710678118654746 -1 -0 0 -0 0.70710678118654757 -0.70710678118654757 
1 -27 -180.09 16.350000000000001 0 -0.70710678118654746 0.70710678118654746 1 0 0 -0 0.70710678118654757 0.70710678118654757 
1 27 -180.09 -25.25 0 -0.70710678118654746 -0.70710678118654746 -1 -0 0 -0 0.70710678118654757 -0.70710678118654757 
1 27.499999999999996 -149.92000000000002 -25.5 -0 -0 -1 -1 0 0 0 1 -0 
1 0 0 16.600000000000001 0 0 1 1 0 -0 -0 1 0 
Triangulations 0

TShapes 431
Ve
0.0001
-25 -179.84 2.75
0 0

0101101
*
Ve
1e-07
-25 -119.5 2.75
0 0

0101101
*
Ed
 1e-07 1 1 0
1  1 0 0 60.34
0

0101000
-431 0 +430 0 *
Ve
0.0001
25 -179.84 2.75
0 0

0101101
*
Ed
 1e-07 1 1 0
1  2 0 -0 50
0

0101000
+428 0 -431 0 *
Ve
1e-07
-30 -119.5 2.75
0 0

0101101
*
Ed
 1e-07 1 1 0
1  3 0 0 5
0

0101000
+426 0 -430 0 *
Ve
1e-07
25 -119.5 2.75
0 0

0101101
*
Ed
 1e-07 1 1 0
1  4 0 0.5 60.84
0

0101000
+428 0 -424 0 *
Ve
1e-07
-30 115.5 2.75
0 0

0101101
*
Ed
 1e-07 1 1 0
1  5 0 60.84 295.84
0

0101000
-422 0 +426 0 *
Ve
1e-07
30 -119.5 2.75
0 0

0101101
*
Ed
 1e-07 1 1 0
1  6 0 0 5
0

0101000
+424 0 -420 0 *
Ve
1.5e-07
-27 118.5 2.75
0 0

0101101
*
Ed
 1e-07 1 1 0
1  7 0 4.7123889803847 6.28318530717959
2  1 2 0 4.7123889803847 6.28318530717959
0

0101000
+422 0 -418 0 *
Ve
1e-07
30 115.5 2.75
0 0

0101101
*
Ed
 1e-07 1 1 0
1  8 0 3 238
0

0101000
+416 0 -420 0 *
Ve
1.5e-07
27 118.5 2.75
0 0

0101101
*
Ed
 1.5e-07 1 1 0
1  9 0 -27 27
0

0101000
+418 0 -414 0 *
Ed
 1e-07 1 1 0
1  10 0 3.14159265358979 4.71238898038469
2  2 3 0 3.14159265358979 4.71238898038469
0

0101000
+414 0 -416 0 *
Wi

0101100
+429 0 -427 0 +425 0 +423 0 -421 0 +419 0 -417 0 -415 0 -413 0 -412 0 
*
Ve
1e-07
-26.5 -106 2.75
0 0

0101101
*
Ed
 1e-07 1 1 0
1  11 0 0 6.28318530717959
2  3 4 0 0 6.28318530717959
0

0101000
+410 0 -410 0 *
Wi

0101100
+409 0 *
Ve
1e-07
-26.65 -112.5 2.75
0 0

0101101
*
Ed
 1e-07 1 1 0
1  12 0 0 6.28318530717959
2  4 5 1 0 6.28318530717959
0

0101000
+407 0 -407 0 *
Wi

0101100
+406 0 *
Ve
1e-07
1 -112.5 2.75
0 0

0101101
*
Ed
 1e-07 1 1 0
1  13 0 0 6.28318530717959
2  5 6 0 0 6.28318530717959
0

0101000
+404 0 -404 0 *
Wi

0101100
+403 0 *
Ve
1e-07
21.35 -112.5 2.75
0 0

0101101
*
Ed
 1e-07 1 1 0
1  14 0 0 6.28318530717959
2  6 7 2 0 6.28318530717959
0

0101000
+401 0 -401 0 *
Wi

0101100
+400 0 *
Ve
1e-07
28.5 -106 2.75
0 0

0101101
*
Ed
 1e-07 1 1 0
1  15 0 0 6.28318530717959
2  7 8 0 0 6.28318530717959
0

0101000
+398 0 -398 0 *
Wi

0101100
+397 0 *
Ve
1e-07
-26.5 106 2.75
0 0

0101101
*
Ed
 1e-07 1 1 0
1  16 0 0 6.28318530717959
2  8 9 0 0 6.28318530717959
0

0101000
+395 0 -395 0 *
Wi

0101100
+394 0 *
Ve
1e-07
-26.65 112.5 2.75
0 0

0101101
*
Ed
 1e-07 1 1 0
1  17 0 0 6.28318530717959
2  9 10 3 0 6.28318530717959
0

0101000
+392 0 -392 0 *
Wi

0101100
+391 0 *
Ve
1.50000001776357e-07
-16 -106.5 2.75
0 0

0101101
*
Ve
1.5e-07
16 -106.5 2.75
0 0

0101101
*
Ed
 1e-07 1 1 0
1  18 0 0 32
0

0101000
+389 0 -388 0 *
Ve
1.5e-07
-25 -97.5 2.75
0 0

0101101
*
Ed
 1e-07 1 1 0
1  19 0 4.71238898038469 6.28318530717959
2  10 11 0 4.71238898038469 6.28318530717959
0

0101000
+389 0 -386 0 *
Ve
1.5e-07
25 -97.5 2.75
0 0

0101101
*
Ed
 1e-07 1 1 0
1  20 0 4.71238898038469 6.28318530717959
2  11 12 0 4.71238898038469 6.28318530717959
0

0101000
+388 0 -384 0 *
Ve
1.5e-07
-25 97.5 2.75
0 0

0101101
*
Ed
 1.5e-07 1 1 0
1  21 0 -97.5 97.5
0

0101000
+386 0 -382 0 *
Ve
1.5e-07
25 97.5 2.75
0 0

0101101
*
Ed
 1.5e-07 1 1 0
1  22 0 -97.5 97.5
0

0101000
+380 0 -384 0 *
Ve
1.50000001776357e-07
-16 106.5 2.75
0 0

0101101
*
Ed
 1e-07 1 1 0
1  23 0 4.71238898038469 6.28318530717959
2  12 13 0 4.71238898038469 6.28318530717959
0

0101000
+378 0 -382 0 *
Ve
1.5e-07
16 106.5 2.75
0 0

0101101
*
Ed
 1e-07 1 1 0
1  24 0 4.71238898038469 6.28318530717959
2  13 14 0 4.71238898038469 6.28318530717959
0

0101000
+376 0 -380 0 *
Ed
 1.5e-07 1 1 0
1  25 0 -3.49999999999998 28.5
0

0101000
+376 0 -378 0 *
Wi

0101100
-387 0 +385 0 -383 0 +381 0 +379 0 -377 0 +375 0 -374 0 *
Ve
1e-07
1 112.5 2.75
0 0

0101101
*
Ed
 1e-07 1 1 0
1  26 0 0 6.28318530717959
2  14 15 0 0 6.28318530717959
0

0101000
+372 0 -372 0 *
Wi

0101100
+371 0 *
Ve
1e-07
21.35 112.5 2.75
0 0

0101101
*
Ed
 1e-07 1 1 0
1  27 0 0 6.28318530717959
2  15 16 4 0 6.28318530717959
0

0101000
+369 0 -369 0 *
Wi

0101100
+368 0 *
Ve
1e-07
28.5 106 2.75
0 0

0101101
*
Ed
 1e-07 1 1 0
1  28 0 0 6.28318530717959
2  16 17 0 0 6.28318530717959
0

0101000
+366 0 -366 0 *
Wi

0101100
+365 0 *
Fa
0  1e-07 1 0

0101000
+411 0 +408 0 +405 0 +402 0 +399 0 +396 0 +393 0 +390 0 +373 0 +370 0 
+367 0 +364 0 *
Ve
0.0001
-25 -119.5 -25
0 0

0101101
*
Ed
 1e-07 1 1 0
1  29 0 0 27.75
0

0101000
-362 0 +430 0 *
Ve
0.0001
-25 -179.84 -25
0 0

0101101
*
Ed
 1e-07 1 1 0
1  30 0 0 60.34
2  17 19 0 0 60.34
2  18 20 0 0 60.34
0

0101000
+362 0 -360 0 *
Ed
 1e-07 1 1 0
1  31 0 -0 27.75
0

0101000
+431 0 -360 0 *
Wi

0101100
+361 0 +359 0 -429 0 -358 0 *
Fa
0  1e-07 18 0

0101000
+357 0 *
Ve
0.0001
25.5 -180.34 3.25
0 0

0101101
*
Ed
 1e-07 1 1 0
1  32 0 -0.288675134594809 0.577350269189636
0

0101000
+428 0 -355 0 *
Ve
0.0001
-25.5 -180.34 3.25
0 0

0101101
*
Ed
 1e-07 1 1 0
1  33 0 -0.500000000000004 50.5
0

0101000
+355 0 -353 0 *
Ed
 1e-07 1 1 0
1  34 0 14.1450815951458 15.0111069989303
0

0101000
+431 0 -353 0 *
Wi

0101100
-354 0 +427 0 -352 0 +351 0 *
Fa
0  1e-07 21 0

0101000
+350 0 *
Ve
0.0001
-30 -119.5 -25
0 0

0101101
*
Ed
 1e-07 1 1 0
1  35 0 0 27.75
0

0101000
-348 0 +426 0 *
Ed
 1e-07 1 1 0
1  36 0 0 5
2  19 23 0 0 5
2  20 24 0 0 5
0

0101000
+348 0 -362 0 *
Wi

0101100
+347 0 +346 0 -425 0 -361 0 *
Fa
0  1e-07 22 0

0101000
+345 0 *
Ve
0.0001
25 -119.5 -25
0 0

0101101
*
Ed
 1e-07 1 1 0
1  37 0 0 27.75
0

0101000
-343 0 +424 0 *
Ve
0.0001
25 -179.84 -25
0 0

0101101
*
Ed
 1e-07 1 1 0
1  38 0 0.5 60.84
2  21 26 0 0.5 60.84
2  22 27 0 0.5 60.84
0

0101000
+341 0 -343 0 *
Ed
 1e-07 1 1 0
1  39 0 -0 27.75
0

0101000
+428 0 -341 0 *
Wi

0101100
-342 0 +340 0 -423 0 +339 0 *
Fa
0  1e-07 25 0

0101000
+338 0 *
Ve
1e-07
-30 115.5 16.1
0 0

0101101
*
Ed
 1e-07 1 1 0
1  40 0 0.5 13.85
2  23 2 0 0.5 13.85
4 G1 28 0 2 0
0

0101000
+336 0 -422 0 *
Ve
1e-07
-30 -177.34 16.1
0 0

0101101
*
Ed
 1e-07 1 1 0
1  41 0 0 292.84
0

0101000
+336 0 -334 0 *
Ve
1e-07
-30 -177.34 -25
0 0

0101101
*
Ed
 1e-07 1 1 0
1  42 0 0.5 41.6
2  24 29 0 0.5 41.6
4 G1 28 0 29 0
0

0101000
+332 0 -334 0 *
Ed
 1e-07 1 1 0
1  43 0 -0 57.84
0

0101000
+332 0 -348 0 *
Wi

0101100
+335 0 -333 0 -421 0 +331 0 +347 0 -330 0 *
Fa
0  1e-07 28 0

0101000
+329 0 *
Ve
0.0001
30 -119.5 -25
0 0

0101101
*
Ed
 1e-07 1 1 0
1  44 0 0 5
2  25 31 0 0 5
2  26 32 0 0 5
0

0101000
+343 0 -327 0 *
Ed
 1e-07 1 1 0
1  45 0 0 27.75
0

0101000
-327 0 +420 0 *
Wi

0101100
+342 0 +326 0 -419 0 -325 0 *
Fa
0  1e-07 30 0

0101000
+324 0 *
Ve
1e-07
-27 118.5 16.1
0 0

0101101
*
Ed
 1e-07 1 1 0
1  46 0 -0 1.5707963267949
2  27 2 0 -0 1.5707963267949
2  28 33 0 -0 1.5707963267949
0

0101000
+322 0 -336 0 *
Ed
 1e-07 1 1 0
1  47 0 0.5 13.85
2  29 2 0 0.5 13.85
4 G1 2 0 34 0
0

0101000
+322 0 -418 0 *
Wi

0101100
-335 0 -321 0 -417 0 +320 0 *
Fa
0  1e-07 2 0

0101000
+319 0 *
Ve
1e-07
30 -177.34 16.1
0 0

0101101
*
Ve
1e-07
30 -177.34 -25
0 0

0101101
*
Ed
 1e-07 1 1 0
1  48 0 0.5 41.6
2  30 36 0 0.5 41.6
4 G1 35 0 36 0
0

0101000
+317 0 -316 0 *
Ve
1e-07
30 115.5 16.1
0 0

0101101
*
Ed
 1e-07 1 1 0
1  49 0 -0 292.84
0

0101000
+317 0 -314 0 *
Ed
 1e-07 1 1 0
1  50 0 0 57.84
0

0101000
+327 0 -316 0 *
Ed
 1e-07 1 1 0
1  51 0 0 13.35
2  31 3 0 0 13.35
4 G1 35 0 3 0
0

0101000
-314 0 +416 0 *
Wi

0101100
+315 0 -313 0 -312 0 +311 0 -325 0 -415 0 *
Fa
0  1e-07 35 0

0101000
+310 0 *
Ve
1e-07
27 118.5 16.1
0 0

0101101
*
Ed
 1e-07 1 1 0
1  52 0 0 13.35
2  32 3 0 0 13.35
4 G1 34 0 3 0
0

0101000
-308 0 +414 0 *
Ed
 1e-07 1 1 0
1  53 0 -0 54
0

0101000
+308 0 -322 0 *
Wi

0101100
-307 0 -306 0 -413 0 -320 0 *
Fa
0  1e-07 34 0

0101000
+305 0 *
Ed
 1e-07 1 1 0
1  54 0 -4.66293670342566e-15 1.57079632679489
2  33 3 0 -4.66293670342566e-15 1.57079632679489
2  34 37 0 -4.66293670342566e-15 1.57079632679489
0

0101000
+314 0 -308 0 *
Wi

0101100
-307 0 +303 0 +412 0 +311 0 *
Fa
0  1e-07 3 0

0101000
+302 0 *
Ve
1e-07
-26.5 -106 7
0 0

0101101
*
Ed
 1e-07 1 1 0
1  55 0 -4.25 -0
3  35 36CN 4 0 -4.25 -0
0

0101000
+300 0 -410 0 *
Ed
 1e-07 1 1 0
1  56 0 0 6.28318530717959
2  37 4 0 0 6.28318530717959
0

0101000
+300 0 -300 0 *
Wi

0101100
-299 0 +409 0 +299 0 +298 0 *
Fa
0  1e-07 4 0

0101000
+297 0 *
Ve
1e-07
-26.65 -112.5 16.1
0 0

0101101
*
Ed
 1e-07 1 1 0
1  57 0 0.5 13.85
3  38 39CN 5 0 0.5 13.85
0

0101000
+295 5 -407 5 *
Ed
 1e-07 1 1 0
1  58 0 0 6.28318530717959
2  40 5 1 0 6.28318530717959
2  41 38 0 0 6.28318530717959
0

0101000
+295 0 -295 0 *
Wi

0101100
+294 1 +293 0 -406 0 -294 1 *
Fa
0  1e-07 5 1

0101000
+292 0 *
Ve
1e-07
1 -112.5 7
0 0

0101101
*
Ed
 1e-07 1 1 0
1  59 0 -4.25 -0
3  42 43CN 6 0 -4.25 -0
0

0101000
+290 0 -404 0 *
Ed
 1e-07 1 1 0
1  60 0 0 6.28318530717959
2  44 6 0 0 6.28318530717959
0

0101000
+290 0 -290 0 *
Wi

0101100
-289 0 +403 0 +289 0 +288 0 *
Fa
0  1e-07 6 0

0101000
+287 0 *
Ve
1e-07
21.35 -112.5 16.1
0 0

0101101
*
Ed
 1e-07 1 1 0
1  61 0 0.5 13.85
3  38 39CN 7 0 0.5 13.85
0

0101000
+285 6 -401 6 *
Ed
 1e-07 1 1 0
1  62 0 0 6.28318530717959
2  45 7 2 0 6.28318530717959
2  46 39 0 0 6.28318530717959
0

0101000
+285 0 -285 0 *
Wi

0101100
+284 2 +283 0 -400 0 -284 2 *
Fa
0  1e-07 7 2

0101000
+282 0 *
Ve
1e-07
28.5 -106 7
0 0

0101101
*
Ed
 1e-07 1 1 0
1  63 0 -4.25 -0
3  47 48CN 8 0 -4.25 -0
0

0101000
+280 0 -398 0 *
Ed
 1e-07 1 1 0
1  64 0 0 6.28318530717959
2  49 8 0 0 6.28318530717959
0

0101000
+280 0 -280 0 *
Wi

0101100
-279 0 +397 0 +279 0 +278 0 *
Fa
0  1e-07 8 0

0101000
+277 0 *
Ve
1e-07
-26.5 106 7
0 0

0101101
*
Ed
 1e-07 1 1 0
1  65 0 -4.25 -0
3  50 51CN 9 0 -4.25 -0
0

0101000
+275 0 -395 0 *
Ed
 1e-07 1 1 0
1  66 0 0 6.28318530717959
2  52 9 0 0 6.28318530717959
0

0101000
+275 0 -275 0 *
Wi

0101100
-274 0 +394 0 +274 0 +273 0 *
Fa
0  1e-07 9 0

0101000
+272 0 *
Ve
1e-07
-26.65 112.5 16.1
0 0

0101101
*
Ed
 1e-07 1 1 0
1  67 0 0.5 13.85
3  38 39CN 10 0 0.5 13.85
0

0101000
+270 7 -392 7 *
Ed
 1e-07 1 1 0
1  68 0 0 6.28318530717959
2  53 10 3 0 6.28318530717959
2  54 40 0 0 6.28318530717959
0

0101000
+270 0 -270 0 *
Wi

0101100
+269 3 +268 0 -391 0 -269 3 *
Fa
0  1e-07 10 3

0101000
+267 0 *
Ve
1e-07
16 -106.5 16.1
0 0

0101101
*
Ed
 1e-07 1 1 0
1  69 0 23.25 36.6
2  55 12 0 23.25 36.6
4 G1 41 0 12 0
0

0101000
-265 0 +388 0 *
Ve
1e-07
-16 -106.5 16.1
0 0

0101101
*
Ed
 1e-07 1 1 0
1  70 0 0 32
2  56 42 0 0 32
2  57 43 0 0 32
0

0101000
+265 0 -263 0 *
Ed
 1e-07 1 1 0
1  71 0 0.5 13.85
2  58 11 0 0.5 13.85
4 G1 41 0 11 0
0

0101000
+263 0 -389 0 *
Wi

0101100
+264 0 +262 0 +387 0 +261 0 *
Fa
0  1e-07 41 0

0101000
+260 0 *
Ve
1e-07
-25 -97.5 16.1
0 0

0101101
*
Ed
 1e-07 1 1 0
1  72 0 0.5 13.85
2  59 11 0 0.5 13.85
4 G1 11 0 44 0
0

0101000
+258 0 -386 0 *
Ed
 1e-07 1 1 0
1  73 0 -0 1.5707963267949
2  60 11 0 -0 1.5707963267949
2  61 45 0 -0 1.5707963267949
0

0101000
+263 0 -258 0 *
Wi

0101100
-257 0 -256 0 +385 0 +261 0 *
Fa
0  1e-07 11 0

0101000
+255 0 *
Ve
1e-07
25 -97.5 16.1
0 0

0101101
*
Ed
 1e-07 1 1 0
1  74 0 23.25 36.6
2  62 12 0 23.25 36.6
4 G1 12 0 46 0
0

0101000
-253 0 +384 0 *
Ed
 1e-07 1 1 0
1  75 0 0 1.5707963267949
2  63 12 0 0 1.5707963267949
2  64 47 0 0 1.5707963267949
0

0101000
+253 0 -265 0 *
Wi

0101100
-252 0 -251 0 -383 0 +264 0 *
Fa
0  1e-07 12 0

0101000
+250 0 *
Ve
1e-07
-25 97.5 16.1
0 0

0101101
*
Ed
 1e-07 1 1 0
1  76 0 23.25 36.6
2  65 13 0 23.25 36.6
4 G1 44 0 13 0
0

0101000
-248 0 +382 0 *
Ed
 1e-07 1 1 0
1  77 0 -0 195
2  66 48 0 -0 195
2  67 49 0 -0 195
0

0101000
+258 0 -248 0 *
Wi

0101100
-247 0 +246 0 -381 0 -257 0 *
Fa
0  1e-07 44 0

0101000
+245 0 *
Ve
1e-07
25 97.5 16.1
0 0

0101101
*
Ed
 1e-07 1 1 0
1  78 0 0 195
2  68 50 0 0 195
2  69 51 0 0 195
0

0101000
+243 0 -253 0 *
Ed
 1e-07 1 1 0
1  79 0 0.5 13.85
2  70 14 0 0.5 13.85
4 G1 46 0 14 0
0

0101000
+243 0 -380 0 *
Wi

0101100
-252 0 +242 0 -379 0 -241 0 *
Fa
0  1e-07 46 0

0101000
+240 0 *
Ve
1e-07
-16 106.5 16.1
0 0

0101101
*
Ed
 1e-07 1 1 0
1  80 0 0 1.5707963267949
2  71 13 0 0 1.5707963267949
2  72 52 0 0 1.5707963267949
0

0101000
+248 0 -238 0 *
Ed
 1e-07 1 1 0
1  81 0 23.25 36.6
2  73 13 0 23.25 36.6
4 G1 13 0 53 0
0

0101000
-238 0 +378 0 *
Wi

0101100
-247 0 -237 0 -377 0 +236 0 *
Fa
0  1e-07 13 0

0101000
+235 0 *
Ve
1e-07
16 106.5 16.1
0 0

0101101
*
Ed
 1e-07 1 1 0
1  82 0 -4.44089209850063e-16 1.5707963267949
2  74 14 0 -4.44089209850063e-16 1.5707963267949
2  75 54 0 -4.44089209850063e-16 1.5707963267949
0

0101000
+233 0 -243 0 *
Ed
 1e-07 1 1 0
1  83 0 0.5 13.85
2  76 14 0 0.5 13.85
4 G1 14 0 53 0
0

0101000
+233 0 -376 0 *
Wi

0101100
-241 0 -232 0 +375 0 +231 0 *
Fa
0  1e-07 14 0

0101000
+230 0 *
Ed
 1e-07 1 1 0
1  84 0 -0 32
0

0101000
+238 0 -233 0 *
Wi

0101100
-231 0 -228 0 -374 0 -236 0 *
Fa
0  1e-07 53 0

0101000
+227 0 *
Ve
1e-07
1 112.5 7
0 0

0101101
*
Ed
 1e-07 1 1 0
1  85 0 -4.25 -0
3  77 78CN 15 0 -4.25 -0
0

0101000
+225 0 -372 0 *
Ed
 1e-07 1 1 0
1  86 0 0 6.28318530717959
2  79 15 0 0 6.28318530717959
0

0101000
+225 0 -225 0 *
Wi

0101100
-224 0 +371 0 +224 0 +223 0 *
Fa
0  1e-07 15 0

0101000
+222 0 *
Ve
1e-07
21.35 112.5 16.1
0 0

0101101
*
Ed
 1e-07 1 1 0
1  87 0 0.5 13.85
3  38 39CN 16 0 0.5 13.85
0

0101000
+220 8 -369 8 *
Ed
 1e-07 1 1 0
1  88 0 0 6.28318530717959
2  80 16 4 0 6.28318530717959
2  81 55 0 0 6.28318530717959
0

0101000
+220 0 -220 0 *
Wi

0101100
+219 4 +218 0 -368 0 -219 4 *
Fa
0  1e-07 16 4

0101000
+217 0 *
Ve
1e-07
28.5 106 7
0 0

0101101
*
Ed
 1e-07 1 1 0
1  89 0 -4.25 -0
3  82 83CN 17 0 -4.25 -0
0

0101000
+215 0 -366 0 *
Ed
 1e-07 1 1 0
1  90 0 0 6.28318530717959
2  84 17 0 0 6.28318530717959
0

0101000
+215 0 -215 0 *
Wi

0101100
-214 0 +365 0 +214 0 +213 0 *
Fa
0  1e-07 17 0

0101000
+212 0 *
Ve
0.0001
-25.5 -120 -25.5
0 0

0101101
*
Ed
 1e-07 1 1 0
1  91 0 -1.73205080756888 -0.866025403784441
2  85 19 0 -1.73205080756888 -0.866025403784441
2  86 23 0 -1.73205080756888 -0.866025403784441
2  87 20 0 -1.73205080756888 -0.866025403784441
2  88 24 0 -1.73205080756888 -0.866025403784441
0

0101000
+362 0 -210 0 *
Ve
0.0001
-25.5 -179.84 -25.5
0 0

0101101
*
Ed
 1e-07 1 1 0
1  92 0 0.5 60.34
2  89 19 0 0.5 60.34
2  90 20 0 0.5 60.34
0

0101000
+210 0 -208 0 *
Ed
 1e-07 1 1 0
1  93 0 -0.176776695296491 0.530330085890061
2  91 19 0 -0.176776695296491 0.530330085890061
2  92 20 0 -0.176776695296491 0.530330085890061
0

0101000
+360 0 -208 0 *
Wi

0101100
-209 0 +359 0 -207 0 +206 0 *
Fa
0  1e-07 56 0

0101000
+205 0 *
Ve
0.0001
-25.5 -180.34 -25
0 0

0101101
*
Ed
 1e-07 1 1 0
1  94 0 -0.500000000000002 27.75
0

0101000
+353 0 -203 0 *
Ed
 1e-07 1 1 0
1  95 0 -0.17677669529677 0.53033008588978
0

0101000
+360 0 -203 0 *
Wi

0101100
-351 0 +358 0 -202 0 +201 0 *
Fa
0  1e-07 57 0

0101000
+200 0 *
Ve
0.0001
25.5 -180.34 -25
0 0

0101101
*
Ed
 1e-07 1 1 0
1  96 0 -0.500000000000002 27.75
0

0101000
+355 0 -198 0 *
Ed
 1e-07 1 1 0
1  97 0 -0.353553390593123 0.353553390593402
0

0101000
+198 0 -341 0 *
Wi

0101100
+354 0 -339 0 +197 0 +196 0 *
Fa
0  1e-07 58 0

0101000
+195 0 *
Ve
1e-07
-27 -180.34 -25
0 0

0101101
*
Ve
1e-07
-27 -180.34 16.1
0 0

0101101
*
Ed
 1e-07 1 1 0
1  98 0 0.5 41.6
2  93 29 0 0.5 41.6
4 G1 59 0 29 0
0

0101000
+193 0 -192 0 *
Ed
 1e-07 1 1 0
1  99 0 0.500000000000004 2
0

0101000
+203 0 -193 0 *
Ve
1e-07
27 -180.34 16.1
0 0

0101101
*
Ed
 1e-07 1 1 0
1  100 0 0 54
0

0101000
+192 0 -189 0 *
Ve
1e-07
27 -180.34 -25
0 0

0101101
*
Ed
 1e-07 1 1 0
1  101 0 0.5 41.6
2  94 36 0 0.5 41.6
4 G1 59 0 36 0
0

0101000
+189 0 -187 0 *
Ed
 1e-07 1 1 0
1  102 0 -0 1.5
0

0101000
+187 0 -198 0 *
Wi

0101100
-191 0 -190 0 -188 0 -202 0 -186 0 -352 0 -185 0 +197 0 *
Fa
0  1e-07 59 0

0101000
+184 0 *
Ve
0.0001
-29.5 -120 -25.5
0 0

0101101
*
Ed
 1e-07 1 1 0
1  103 0 -16.9856449195588 -16.1196195157743
2  95 23 0 -16.9856449195588 -16.1196195157743
2  96 24 0 -16.9856449195588 -16.1196195157743
0

0101000
+348 0 -182 0 *
Ed
 1e-07 1 1 0
1  104 0 0.500000000000004 4.5
2  97 23 0 0.500000000000004 4.5
2  98 24 0 0.500000000000004 4.5
0

0101000
+182 0 -210 0 *
Wi

0101100
-181 0 +346 0 -180 0 +209 0 *
Fa
0  1e-07 60 0

0101000
+179 0 *
Ve
0.0001
25.5 -179.84 -25.5
0 0

0101101
*
Ed
 1e-07 1 1 0
1  105 0 -0.176776695296634 0.530330085889916
2  99 26 0 -0.176776695296634 0.530330085889916
2  100 27 0 -0.176776695296634 0.530330085889916
0

0101000
+177 0 -341 0 *
Ve
0.0001
25.5 -120 -25.5
0 0

0101101
*
Ed
 1e-07 1 1 0
1  106 0 0.5 60.34
2  101 26 0 0.5 60.34
2  102 27 0 0.5 60.34
0

0101000
+177 0 -175 0 *
Ed
 1e-07 1 1 0
1  107 0 -17.8516703233432 -16.9856449195588
2  103 26 0 -17.8516703233432 -16.9856449195588
2  104 31 0 -17.8516703233432 -16.9856449195588
2  105 27 0 -17.8516703233432 -16.9856449195588
2  106 32 0 -17.8516703233432 -16.9856449195588
0

0101000
+343 0 -175 0 *
Wi

0101100
+176 0 -174 0 +340 0 +173 0 *
Fa
0  1e-07 61 0

0101000
+172 0 *
Ve
1e-07
-29.5 115.5 16.6
0 0

0101101
*
Ed
 1e-07 1 1 0
1  108 0 -0.353553390593273 0.353553390593275
2  107 33 0 -0.353553390593273 0.353553390593275
4 G1 62 0 33 0
0

0101000
+336 0 -170 0 *
Ve
1e-07
-29.5 -177.34 16.6
0 0

0101101
*
Ed
 1e-07 1 1 0
1  109 0 0 292.84
0

0101000
+170 0 -168 0 *
Ed
 1e-07 1 1 0
1  110 0 -0.353553390593273 0.353553390593275
2  108 63 0 -0.353553390593273 0.353553390593275
4 G1 62 0 63 0
0

0101000
+334 0 -168 0 *
Wi

0101100
