DBRep_DrawableShape

CASCADE Topology V1, (c) Matra-Datavision
Locations 8
1
              1              -0               0             -84 
              0               1               0          -112.5 
             -0               0               1           13.85 
1
              1              -0               0              84 
              0               1               0          -112.5 
             -0               0               1           13.85 
1
              1              -0               0             -84 
              0               1               0           112.5 
             -0               0               1           13.85 
1
              1              -0               0              84 
              0               1               0           112.5 
             -0               0               1           13.85 
2  1 -1 0
2  2 -1 0
2  3 -1 0
2  4 -1 0
Curve2ds 198
1 -4.7123889803846897 13.850000000000001 1 0 
1 -3.1415926535897931 0 1 0 
1 0 13.850000000000001 1 0 
1 6.2831853071795862 0 -1 0 
1 6.2831853071795862 0 -1 0 
1 6.2831853071795862 0 -1 0 
1 6.2831853071795862 0 -1 0 
1 6.2831853071795862 0 -1 0 
1 6.2831853071795862 0 -1 0 
1 0 13.850000000000001 1 0 
1 6.2831853071795862 0 -1 0 
1 6.2831853071795862 13.850000000000001 -1 0 
1 6.2831853071795862 23.25 -1 0 
1 6.2831853071795862 23.25 -1 0 
1 6.2831853071795862 13.850000000000001 -1 0 
1 6.2831853071795862 0 -1 0 
1 0 13.850000000000001 1 0 
1 6.2831853071795862 0 -1 0 
1 6.2831853071795862 0 -1 0 
1 6.2831853071795862 0 -1 0 
1 6.2831853071795862 0 -1 0 
1 6.2831853071795862 0 -1 0 
1 6.2831853071795862 0 -1 0 
1 0 13.850000000000001 1 0 
1 -0 -0.35355339059327379 -1 0 
1 -0 -0.35355339059327379 -1 0 
1 -0 -0.35355339059327379 -1 0 
1 -0 -0.35355339059327379 -1 0 
1 -0 -0.35355339059327379 -1 0 
1 -0 -0.35355339059327379 -1 0 
1 0 0 0 1 
1 0 0 0 1 
1 -0 -0.35355339059327379 -1 0 
1 -0 -0.35355339059327379 -1 0 
1 1.5707963267948966 0.5 -1 -0 
1 0 0 1 0 
1 1.5707963267948966 0 0 1 
1 0 0 0 1 
1 1.5707963267948966 0 0 1 
1 0 0 0 1 
1 1.5707963267948966 13.350000000000001 -1 -0 
1 0 0 1 0 
1 6.2831853071795862 -0 0 1 
1 0 -0 0 1 
1 0 0.5 1 0 
1 0 0 1 0 
1 6.2831853071795862 0 0 1 
1 0 0 0 1 
1 0 -4.25 1 0 
1 6.2831853071795862 0 0 1 
1 0 0 0 1 
1 0 -4.25 1 0 
1 6.2831853071795862 0 0 1 
1 0 0 0 1 
1 0 -4.25 1 0 
1 6.2831853071795862 0 0 1 
1 0 0 0 1 
1 0 -4.25 1 0 
1 6.2831853071795862 0 0 1 
1 0 0 0 1 
1 0 -4.25 1 0 
1 6.2831853071795862 0 0 1 
1 0 0 0 1 
1 0 -4.25 1 0 
1 0 0.5 1 0 
1 0 0 1 0 
1 6.2831853071795862 0 0 1 
1 0 0 0 1 
1 0 -4.25 1 0 
1 1.5707963267948966 0 0 1 
1 -0 -0.35355339059327379 -1 0 
1 -0 -0.35355339059327379 -1 0 
1 1.5707963267948966 0 0 1 
1 0 0 0 1 
1 1.5707963267948966 0.5 -1 -0 
1 0 0 1 0 
1 0 0 0 1 
1 0 36.600000000000001 1 0 
1 0 0 1 0 
1 0 0 0 1 
1 -0 -0.35355339059327379 -1 0 
1 -0 -0.35355339059327379 -1 0 
1 -0 -0.35355339059327379 -1 0 
1 -0 -0.35355339059327379 -1 0 
1 0 0 0 1 
1 0 36.600000000000001 1 0 
1 0 0 1 0 
1 1.5707963267948966 0 0 1 
1 1.5707963267948966 0.5 -1 -0 
1 0 0 1 0 
1 1.5707963267948966 0 0 1 
1 6.2831853071795862 0 0 1 
1 0 0 0 1 
1 0 -4.25 1 0 
1 0 0.5 1 0 
1 0 0 1 0 
1 6.2831853071795862 0 0 1 
1 0 0 0 1 
1 0 -4.25 1 0 
1 6.2831853071795862 0 0 1 
1 0 0 0 1 
1 0 -4.25 1 0 
1 6.2831853071795862 0 0 1 
1 0 0 0 1 
1 0 -4.25 1 0 
1 6.2831853071795862 0 0 1 
1 0 0 0 1 
1 0 -4.25 1 0 
1 6.2831853071795862 0 0 1 
1 0 0 0 1 
1 0 -4.25 1 0 
1 6.2831853071795862 0 0 1 
1 0 0 0 1 
1 0 -4.25 1 0 
1 0 0.5 1 0 
1 0 0 1 0 
1 -1 1.0606601717798214 -0.57735026918962573 0.81649658092772603 
1 -4 1.0606601717798214 0.57735026918962573 0.81649658092772603 
1 -1 1.0606601717798214 -0.57735026918962573 0.81649658092772603 
1 -4 1.0606601717798214 0.57735026918962573 0.81649658092772603 
1 0 0.35355339059327379 -1 0 
1 0 0.35355339059327379 -1 0 
1 -75.579999999999984 -0.17677669529701873 -9.9994059691944859e-15 1 
1 -75.579999999999984 -0.17677669529701873 -9.9994059691944859e-15 1 
1 1.5707963267948966 0 0 1 
1 1.5707963267948966 0 0 1 
1 -12.346666666666664 17.107270059506536 -0.57735026918962573 0.81649658092772603 
1 -12.346666666666664 17.107270059506536 -0.57735026918962573 0.81649658092772603 
1 -0 0.35355339059327379 -1 0 
1 -0 0.35355339059327379 -1 0 
1 -0.5 -0.17677669529663689 9.9994059691944859e-15 1 
1 -0.5 -0.17677669529663689 9.9994059691944859e-15 1 
1 -0 0.35355339059327379 -1 0 
1 -0 0.35355339059327379 -1 0 
1 -63.23333333333332 17.814376840693086 0.57735026918962573 0.81649658092772603 
1 -12.846666666666664 17.814376840693086 -0.57735026918962573 0.81649658092772603 
1 -63.23333333333332 17.814376840693086 0.57735026918962573 0.81649658092772603 
1 -12.846666666666664 17.814376840693086 -0.57735026918962573 0.81649658092772603 
1 1.5707963267948966 0.35355339059327662 0 1 
1 0 0.35355339059327662 0 1 
1 1.5707963267948966 0.5 -1 -0 
1 0 0 1 0 
1 0 41.600000000000001 1 0 
1 0 0 1 0 
1 1.5707963267948966 0 0 1 
1 -0 0.35355339059327379 -1 0 
1 -0 0.35355339059327379 -1 0 
1 -4 1.0606601717798214 0.57735026918962573 0.81649658092772603 
1 -4 1.0606601717798214 0.57735026918962573 0.81649658092772603 
1 0 0.35355339059327662 0 1 
1 0 0.70710678118654757 1 0 
1 1.5707963267948966 0.5 -1 -0 
1 0 0 1 0 
1 0 41.600000000000001 1 0 
1 0 0 1 0 
1 1.5707963267948966 0 0 1 
1 0 0.35355339059327662 0 1 
1 0 0.35355339059327662 0 1 
1 1.5707963267948966 0 0 1 
1 0 0.70710678118654757 1 0 
1 6.2831853071795862 0 0 1 
1 0 0 0 1 
1 0 0.70710678118654757 1 0 
1 6.2831853071795862 0 0 1 
1 0 0 0 1 
1 0 0.70710678118654757 1 0 
1 1.5707963267948966 0 0 1 
1 -0 0.35355339059327379 -1 0 
1 -0 0.35355339059327379 -1 0 
1 0 0.3535533905932482 0 1 
1 0 0.70710678118654757 1 0 
1 1.5707963267948966 0 0 1 
1 0 0.35355339059327662 0 1 
1 0 0.70710678118654757 1 0 
1 -0 0.35355339059327379 -1 0 
1 -0 0.35355339059327379 -1 0 
1 0 0.35355339059327662 0 1 
1 1.5707963267948966 0.35355339059327662 0 1 
1 -0 0.35355339059327379 -1 0 
1 -0 0.35355339059327379 -1 0 
1 0 0.70710678118654757 1 0 
1 1.5707963267948966 0 0 1 
1 0 0.3535533905932482 0 1 
1 0 0.70710678118654757 1 0 
1 6.2831853071795862 0 0 1 
1 0 0 0 1 
1 0 0.70710678118654757 1 0 
1 6.2831853071795862 0 0 1 
1 0 0 0 1 
1 0 0.70710678118654757 1 0 
1 0 0.70710678118654757 1 0 
1 0 0.35355339059327662 0 1 
1 1.5707963267948966 0 0 1 
1 0 0.35355339059327662 0 1 
1 1.5707963267948966 0 0 1 
1 0 0.70710678118654757 1 0 
1 0 0.70710678118654757 1 0 
1 0 0.70710678118654757 1 0 
Curves 189
1 -85 -119.5 2.75 0 -1 0 
1 85 -195.07999999999998 2.75 -1 0 0 
1 -90 -119.5 2.75 1 0 0 
1 85 -195.57999999999998 2.75 0 1 0 
8 0 314.07999999999998
1 -90 -195.57999999999998 2.75 0 1 0 
1 85 -119.5 2.75 1 0 0 
8 4.7123889803846897 6.2831853071795862
2 -87 115.5 2.75 0 0 -1 0 1 0 1 -0 0 3
8 0 314.07999999999998
1 90 118.5 2.75 0 -1 0 
1 3.8731713499863344e-14 118.5 2.75 1 0 0 
8 3.1415926535897931 4.7123889803846897
2 87 115.5 2.75 -0 -0 -1 0 -1 0 -1 0 0 3
2 -84 -112.5 2.75 0 0 -1 -1 0 0 0 1 0 2.6499999999999999
2 -87.5 -106 2.75 0 0 -1 1 0 0 0 -1 0 1
2 -60 -112.5 2.75 0 0 -1 1 0 0 0 -1 0 1
2 -30 -112.5 2.75 0 0 -1 1 0 0 0 -1 0 1
2 0 -112.5 2.75 0 0 -1 1 0 0 0 -1 0 1
2 30 -112.5 2.75 0 0 -1 1 0 0 0 -1 0 1
2 60 -112.5 2.75 0 0 -1 1 0 0 0 -1 0 1
2 84 -112.5 2.75 0 0 -1 -1 0 0 0 1 0 2.6499999999999999
2 87.5 -106 2.75 0 0 -1 1 0 0 0 -1 0 1
8 0 152
1 -76 -106.5 2.75 1 0 0 
2 -76 -97.5 2.75 0 0 -1 -1 -0 -0 -0 1 0 9
2 76 -97.5 2.75 0 0 1 1 0 -0 -0 1 0 9
1 -85 -3.8731713499863344e-14 2.75 0 1 0 
1 85 -3.8731713499863344e-14 2.75 0 -1 0 
2 -76 97.5 2.75 0 0 1 -1 0 0 0 -1 0 9
2 76 97.5 2.75 0 0 -1 1 0 0 0 -1 0 9
1 42.500000000000036 106.5 2.75 -1 0 0 
2 -87.5 106 2.75 0 0 -1 1 0 0 0 -1 0 1
2 -84 112.5 2.75 0 0 -1 -1 0 0 0 1 0 2.6499999999999999
2 -60 112.5 2.75 0 0 -1 1 0 0 0 -1 0 1
2 -30 112.5 2.75 0 0 -1 1 0 0 0 -1 0 1
2 0 112.5 2.75 0 0 -1 1 0 0 0 -1 0 1
2 30 112.5 2.75 0 0 -1 1 0 0 0 -1 0 1
2 60 112.5 2.75 0 0 -1 1 0 0 0 -1 0 1
2 87.5 106 2.75 0 0 -1 1 0 0 0 -1 0 1
2 84 112.5 2.75 0 0 -1 -1 0 0 0 1 0 2.6499999999999999
1 -85 -119.5 2.75 -0 -0 -1 
1 -85 -119.5 -25 0 -1 0 
1 -85 -195.07999999999998 2.75 -0 -0 -1 
8 -0.28867513459481148 0.57735026918962939
1 85.166666666666671 -195.24666666666664 2.916666666666667 0.57735026918962573 -0.57735026918962573 0.57735026918962573 
1 85 -195.57999999999998 3.25 -1 0 0 
8 48.786097746523374 49.652123150307816
1 -56.833333333333314 -166.91333333333333 -25.416666666666654 -0.57735026918962573 -0.57735026918962573 0.57735026918962573 
1 -90 -119.5 2.75 -0 -0 -1 
1 -90 -119.5 -25 1 0 0 
1 85 -119.5 2.75 -0 -0 -1 
1 85 -195.57999999999998 -25 0 1 0 
1 85 -195.07999999999998 2.75 -0 -0 -1 
1 -90 115.5 16.600000000000001 0 0 -1 
1 -90 115.5 16.100000000000001 0 -1 0 
1 -90 -192.57999999999998 -25.5 0 0 1 
1 -90 -192.57999999999998 -25 0 1 0 
1 85 -119.5 -25 1 0 0 
1 90 -119.5 2.75 -0 -0 -1 
2 -87 115.5 16.100000000000001 0 0 1 0 1 -0 -1 0 0 3
1 -87 118.5 16.600000000000001 0 0 -1 
1 90 -192.57999999999998 16.600000000000001 0 0 -1 
1 90 -192.57999999999998 16.100000000000001 0 1 0 
1 90 -119.5 -25 0 -1 0 
1 90 115.5 2.75 0 0 1 
1 87 118.5 2.75 0 0 1 
1 87 118.5 16.100000000000001 -1 0 0 
2 87 115.5 16.100000000000001 0 0 1 1 0 -0 -0 1 0 3
1 -2.6499999999999999 -6.4906280354809719e-16 2.75 0 0 -1 
2 -84 -112.5 16.100000000000001 -0 0 -1 -1 0 0 0 1 -0 2.6499999999999999
1 -86.5 -106 2.75 -0 -0 -1 
2 -87.5 -106 7 0 0 1 1 0 0 0 1 0 1
1 -59 -112.5 2.75 -0 -0 -1 
2 -60 -112.5 7 0 0 1 1 0 0 0 1 0 1
1 -29 -112.5 2.75 -0 -0 -1 
2 -30 -112.5 7 0 0 1 1 0 0 0 1 0 1
1 1 -112.5 2.75 -0 -0 -1 
2 0 -112.5 7 0 0 1 1 0 0 0 1 0 1
1 31 -112.5 2.75 -0 -0 -1 
2 30 -112.5 7 0 0 1 1 0 0 0 1 0 1
1 61 -112.5 2.75 -0 -0 -1 
2 60 -112.5 7 0 0 1 1 0 0 0 1 0 1
1 -2.6499999999999999 -6.4906280354809719e-16 2.75 0 0 -1 
2 84 -112.5 16.100000000000001 -0 0 -1 -1 0 0 0 1 -0 2.6499999999999999
1 88.5 -106 2.75 -0 -0 -1 
2 87.5 -106 7 0 0 1 1 0 0 0 1 0 1
1 76 -106.5 -20.5 0 0 1 
1 76 -106.5 16.100000000000001 -1 0 0 
1 -76 -106.5 16.600000000000001 0 0 -1 
1 -85 -97.5 16.600000000000001 0 0 -1 
2 -76 -97.5 16.100000000000001 -0 -0 -1 0 -1 0 -1 0 0 9
1 85 -97.5 -20.5 0 0 1 
2 76 -97.5 16.100000000000001 0 -0 -1 1 0 -0 0 -1 0 9
1 -85 97.5 -20.5 0 0 1 
1 -85 -97.5 16.100000000000001 0 1 0 
1 85 97.5 16.100000000000001 0 -1 0 
1 85 97.5 16.600000000000001 0 0 -1 
2 -76 97.5 16.100000000000001 -0 0 -1 -1 0 0 0 1 -0 9
1 -76 106.5 -20.5 0 0 1 
2 76 97.5 16.100000000000001 0 -0 -1 0 1 -0 1 -0 0 9
1 76 106.5 16.600000000000001 0 0 -1 
1 -76 106.5 16.100000000000001 1 -0 -0 
1 -86.5 106 2.75 -0 -0 -1 
2 -87.5 106 7 0 0 1 1 0 0 0 1 0 1
1 -2.6499999999999999 -6.4906280354809719e-16 2.75 0 0 -1 
2 -84 112.5 16.100000000000001 -0 0 -1 -1 0 0 0 1 -0 2.6499999999999999
1 -59 112.5 2.75 -0 -0 -1 
2 -60 112.5 7 0 0 1 1 0 0 0 1 0 1
1 -29 112.5 2.75 -0 -0 -1 
2 -30 112.5 7 0 0 1 1 0 0 0 1 0 1
1 1 112.5 2.75 -0 -0 -1 
2 0 112.5 7 0 0 1 1 0 0 0 1 0 1
1 31 112.5 2.75 -0 -0 -1 
2 30 112.5 7 0 0 1 1 0 0 0 1 0 1
1 61 112.5 2.75 -0 -0 -1 
2 60 112.5 7 0 0 1 1 0 0 0 1 0 1
1 88.5 106 2.75 -0 -0 -1 
2 87.5 106 7 0 0 1 1 0 0 0 1 0 1
1 -2.6499999999999999 -6.4906280354809719e-16 2.75 0 0 -1 
2 84 112.5 16.100000000000001 -0 0 -1 -1 0 0 0 1 -0 2.6499999999999999
8 -1.7320508075688792 -0.8660254037844366
1 -86 -120.5 -26 -0.57735026918962573 -0.57735026918962573 -0.57735026918962573 
1 -85.5 -119.5 -25.5 0 -1 0 
8 -0.17677669529625756 0.53033008589029751
1 -85.12499999999973 -195.07999999999998 -25.12499999999973 -0.70710678118654757 -9.9994059691944875e-15 -0.70710678118654757 
1 -85.5 -195.57999999999998 2.75 -0 -0 -1 
8 -0.17677669529663687 0.5303300858899106
1 -85.125 -195.20499999999998 -24.999999999999989 -0.70710678118654746 -0.70710678118654746 0 
1 85.5 -195.57999999999998 2.75 -0 -0 -1 
8 -0.17677669529663687 0.5303300858899106
1 85.125 -195.20499999999998 -24.999999999999989 0.70710678118654746 -0.70710678118654746 0 
1 -87 -195.57999999999998 -25.5 0 0 1 
1 -85 -195.57999999999998 -25 -1 -0 0 
1 -87 -195.57999999999998 16.100000000000001 1 0 0 
1 87 -195.57999999999998 16.600000000000001 0 0 -1 
1 87 -195.57999999999998 -25 -1 -0 0 
8 -21.385053970783733 -20.519028566999303
1 -77.653333333333336 -131.84666666666666 -37.346666666666664 0.57735026918962573 -0.57735026918962573 -0.57735026918962573 
1 -90 -120 -25.5 1 0 0 
8 -0.17677669529663942 0.5303300858899157
1 85.125 -195.07999999999998 -25.125 0.70710678118654757 -9.9994059691944875e-15 -0.70710678118654757 
1 85.5 -195.57999999999998 -25.5 0 1 0 
8 -22.251079374568171 -21.38505397078373
1 97.846666666666664 -132.34666666666666 -37.846666666666664 0.57735026918962573 -0.57735026918962573 -0.57735026918962573 
1 -89.75 115.5 16.350000000000001 0.70710678118654757 0 0.70710678118654757 
1 -89.5 115.5 16.600000000000001 0 -1 0 
1 -89.75 -192.57999999999998 16.350000000000001 0.70710678118654757 0 0.70710678118654757 
2 -87 -192.57999999999998 -25 -0 0 -1 -0 -1 0 -1 0 0 3
2 -87 -192.57999999999998 16.100000000000001 0 0 1 -1 0 0 0 -1 0 3
1 -90 -192.57999999999998 -25 0.70710678118654757 4.329780281177467e-17 -0.70710678118654746 
1 -89.5 -192.57999999999998 -25.5 0 1 0 
1 85 -120 -25.5 1 0 0 
8 -1.7320508075688792 -0.86602540378444681
1 89 -120.5 -26 -0.57735026918962573 -0.57735026918962573 -0.57735026918962573 
1 -87 118.25 16.350000000000001 0 -0.70710678118654757 0.70710678118654757 
2 -87 115.5 16.600000000000001 0 0 1 0 1 -0 -1 0 0 2.5
2 87 -192.57999999999998 16.100000000000001 0 0 1 0 -1 0 1 0 -0 3
2 87 -192.57999999999998 -25 0 0 -1 1 0 0 0 -1 -0 3
1 90 -192.57999999999998 16.100000000000001 -0.70710678118654757 4.329780281177467e-17 0.70710678118654746 
1 89.5 -192.57999999999998 16.600000000000001 0 1 0 
1 89.75 115.5 16.350000000000001 -0.70710678118654757 -0 0.70710678118654757 
1 89.5 -119.5 -25.5 0 -1 0 
1 89.75 -192.57999999999998 -25.25 -0.70710678118654757 -0 -0.70710678118654757 
1 87 118.5 16.100000000000001 -4.329780281177467e-17 -0.70710678118654757 0.70710678118654746 
1 87 118 16.600000000000001 -1 0 0 
2 87 115.5 16.600000000000001 0 0 1 1 0 -0 -0 1 0 2.5
1 -86.650000000000006 -112.5 16.100000000000001 -0.70710678118654757 0 0.70710678118654746 
2 -84 -112.5 16.600000000000001 -0 0 -1 -1 0 0 0 1 -0 3.1499999999999999
1 81.349999999999994 -112.5 16.100000000000001 -0.70710678118654757 0 0.70710678118654746 
2 84 -112.5 16.600000000000001 -0 0 -1 -1 0 0 0 1 -0 3.1499999999999999
1 76 -106.5 16.100000000000001 4.329780281177467e-17 -0.70710678118654757 0.70710678118654746 
1 76 -107 16.600000000000001 -1 0 0 
1 -76 -106.75 16.350000000000001 0 -0.70710678118654757 0.70710678118654757 
2 -76 -97.5 16.600000000000001 -0 -0 -1 0 -1 0 -1 0 0 9.5
1 -85 -97.5 16.100000000000001 -0.70710678118654757 -4.329780281177467e-17 0.70710678118654746 
1 85.25 -97.5 16.350000000000001 0.70710678118654757 0 0.70710678118654757 
2 76 -97.5 16.600000000000001 0 -0 -1 1 0 -0 0 -1 0 9.5
1 -85.5 -97.5 16.600000000000001 0 1 0 
1 -85.25 97.5 16.350000000000001 -0.70710678118654757 -0 0.70710678118654757 
1 85.25 97.5 16.350000000000001 0.70710678118654757 0 0.70710678118654757 
1 85.5 97.5 16.600000000000001 0 -1 0 
2 -76 97.5 16.600000000000001 -0 0 -1 -1 0 0 0 1 -0 9.5
1 -76 106.5 16.100000000000001 -4.329780281177467e-17 0.70710678118654757 0.70710678118654746 
1 76 106.75 16.350000000000001 0 0.70710678118654757 0.70710678118654757 
2 76 97.5 16.600000000000001 0 -0 -1 0 1 -0 1 -0 0 9.5
1 -76 107 16.600000000000001 1 -0 -0 
1 -86.650000000000006 112.5 16.100000000000001 -0.70710678118654757 0 0.70710678118654746 
2 -84 112.5 16.600000000000001 -0 0 -1 -1 0 0 0 1 -0 3.1499999999999999
1 81.349999999999994 112.5 16.100000000000001 -0.70710678118654757 0 0.70710678118654746 
2 84 112.5 16.600000000000001 -0 0 -1 -1 0 0 0 1 -0 3.1499999999999999
1 -85 -195.07999999999998 -25.5 -1 -0 0 
2 -87 -192.57999999999998 -25.5 -0 0 -1 -0 -1 0 -1 0 0 2.5
8 -0.35355339059327628 0.35355339059327628
1 -85.5 -195.32999999999998 -25.250000000000004 -9.9994059691944875e-15 -0.70710678118654757 0.70710678118654757 
8 -0.35355339059328134 0.35355339059327129
1 85.5 -195.32999999999998 -25.249999999999996 9.9994059691944875e-15 -0.70710678118654757 0.70710678118654757 
1 -87 -195.32999999999998 -25.25 -0 0.70710678118654757 -0.70710678118654757 
1 -87 -195.57999999999998 16.100000000000001 4.329780281177467e-17 0.70710678118654757 0.70710678118654746 
1 -87 -195.07999999999998 16.600000000000001 1 0 0 
1 87 -195.32999999999998 16.350000000000001 -0 0.70710678118654757 0.70710678118654757 
1 87 -195.57999999999998 -25 -4.329780281177467e-17 0.70710678118654757 -0.70710678118654746 
1 87 -195.07999999999998 -25.5 -1 -0 0 
2 87 -192.57999999999998 -25.5 0 0 -1 1 0 0 0 -1 -0 2.5
2 -87 -192.57999999999998 16.600000000000001 0 0 1 -1 0 0 0 -1 0 2.5
2 87 -192.57999999999998 16.600000000000001 0 0 1 0 -1 0 1 0 -0 2.5
Polygon3D 0
PolygonOnTriangulations 0
Surfaces 105
1 7.7463426999726688e-14 -7.7463426999726688e-14 2.75 0 0 1 1 0 -0 -0 1 0 
2 -87 115.5 16.600000000000001 0 0 -1 -1 -0 -0 -0 1 0 3
2 87 115.5 2.75 0 0 1 0 1 0 1 -0 -0 3
2 0 0 2.75 0 0 -1 -1 0 0 0 1 0 2.6499999999999999
2 -87.5 -106 2.75 -0 -0 -1 1 0 0 0 1 0 1
2 -60 -112.5 2.75 -0 -0 -1 1 0 0 0 1 0 1
2 -30 -112.5 2.75 -0 -0 -1 1 0 0 0 1 0 1
2 0 -112.5 2.75 -0 -0 -1 1 0 0 0 1 0 1
2 30 -112.5 2.75 -0 -0 -1 1 0 0 0 1 0 1
2 60 -112.5 2.75 -0 -0 -1 1 0 0 0 1 0 1
2 0 0 2.75 0 0 -1 -1 0 0 0 1 0 2.6499999999999999
2 87.5 -106 2.75 -0 -0 -1 1 0 0 0 1 0 1
2 -76 -97.5 16.600000000000001 0 0 -1 -1 -0 -0 0 -1 -0 9
2 76 -97.5 -20.5 0 0 1 1 0 -0 0 -1 -0 9
2 -76 97.5 -20.5 0 0 1 -1 0 0 -0 1 -0 9
2 76 97.5 16.600000000000001 0 0 -1 1 0 0 -0 1 -0 9
2 -87.5 106 2.75 -0 -0 -1 1 0 0 0 1 0 1
2 0 0 2.75 0 0 -1 -1 0 0 0 1 0 2.6499999999999999
2 -60 112.5 2.75 -0 -0 -1 1 0 0 0 1 0 1
2 -30 112.5 2.75 -0 -0 -1 1 0 0 0 1 0 1
2 0 112.5 2.75 -0 -0 -1 1 0 0 0 1 0 1
2 30 112.5 2.75 -0 -0 -1 1 0 0 0 1 0 1
2 60 112.5 2.75 -0 -0 -1 1 0 0 0 1 0 1
2 87.5 106 2.75 -0 -0 -1 1 0 0 0 1 0 1
2 0 0 2.75 0 0 -1 -1 0 0 0 1 0 2.6499999999999999
1 -85 -119.5 2.75 -1 0 0 0 -1 0 0 0 1 
1 -85.25 -119.5 -25.25 -0.70710678118654746 0 0.70710678118654746 -0 1 -0 -0.70710678118654757 -0 -0.70710678118654757 
1 -85.25 -119.5 -25.25 -0.70710678118654746 0 0.70710678118654746 -0 1 -0 -0.70710678118654757 -0 -0.70710678118654757 
1 85 -195.32999999999998 3 0 0.70710678118654746 0.70710678118654746 -1 0 0 0 -0.70710678118654757 0.70710678118654757 
1 -90 -119.5 2.75 0 -1 0 1 0 0 -0 0 1 
1 -90 -119.75 -25.25 0 -0.70710678118654746 0.70710678118654746 -1 -0 -0 0 -0.70710678118654757 -0.70710678118654757 
1 -90 -119.75 -25.25 0 -0.70710678118654746 0.70710678118654746 -1 -0 -0 0 -0.70710678118654757 -0.70710678118654757 
1 85 -195.57999999999998 2.75 1 0 0 -0 1 0 0 -0 1 
1 85.25 -195.57999999999998 -25.25 0.70710678118654746 0 0.70710678118654746 0 -1 -0 0.70710678118654757 0 -0.70710678118654757 
1 85.25 -195.57999999999998 -25.25 0.70710678118654746 0 0.70710678118654746 0 -1 -0 0.70710678118654757 0 -0.70710678118654757 
1 -90 0 -8.875 -1 -0 -0 0 0 -1 0 -1 0 
2 -87 -192.57999999999998 -25.5 0 0 1 -1 0 0 0 -1 0 3
1 85 -119.5 2.75 0 -1 0 1 0 0 -0 0 1 
1 85 -119.75 -25.25 0 -0.70710678118654746 0.70710678118654746 -1 -0 -0 0 -0.70710678118654757 -0.70710678118654757 
1 85 -119.75 -25.25 0 -0.70710678118654746 0.70710678118654746 -1 -0 -0 0 -0.70710678118654757 -0.70710678118654757 
3 -87 115.5 16.100000000000001 0 0 1 0 1 -0 -1 0 -0 3
-0.78539816339744839
1 0 118.5 -8.875 0 1 0 0 -0 1 1 0 -0 
1 90 0 -8.875 1 0 0 -0 0 1 0 -1 0 
2 87 -192.57999999999998 16.600000000000001 0 0 -1 1 0 0 0 -1 0 3
3 87 115.5 16.100000000000001 0 0 1 1 0 0 -0 1 -0 3
-0.78539816339744839
3 -84 -112.5 16.100000000000001 0 0 1 -1 0 0 -0 1 -0 2.6499999999999999
0.78539816339744839
3 84 -112.5 16.100000000000001 0 0 1 -1 0 0 -0 1 -0 2.6499999999999999
0.78539816339744839
1 85 -106.5 2.75 0 -1 0 -1 0 0 -0 -0 -1 
1 76 -106.75 16.350000000000001 0 -0.70710678118654746 -0.70710678118654746 1 0 -0 0 -0.70710678118654757 0.70710678118654757 
1 76 -106.75 16.350000000000001 0 -0.70710678118654746 -0.70710678118654746 1 0 -0 0 -0.70710678118654757 0.70710678118654757 
1 -85 0 -8.875 -1 -0 -0 0 0 -1 0 -1 0 
3 -76 -97.5 16.100000000000001 0 0 1 0 -1 0 -1 -0 0 9
0.78539816339744839
1 85 0 -8.875 1 0 0 -0 0 1 0 -1 0 
3 76 -97.5 16.100000000000001 0 0 1 1 0 -0 0 -1 -0 9
0.78539816339744839
1 -85.25 -97.5 16.350000000000001 -0.70710678118654746 0 -0.70710678118654746 -0 -1 -0 -0.70710678118654757 -0 0.70710678118654757 
1 -85.25 -97.5 16.350000000000001 -0.70710678118654746 0 -0.70710678118654746 -0 -1 -0 -0.70710678118654757 -0 0.70710678118654757 
1 85.25 97.5 16.350000000000001 0.70710678118654746 0 -0.70710678118654746 -0 1 -0 0.70710678118654757 0 0.70710678118654757 
1 85.25 97.5 16.350000000000001 0.70710678118654746 0 -0.70710678118654746 -0 1 -0 0.70710678118654757 0 0.70710678118654757 
3 -76 97.5 16.100000000000001 0 0 1 -1 0 0 -0 1 -0 9
0.78539816339744839
1 85 106.5 2.75 0 -1 0 -1 0 0 -0 -0 -1 
3 76 97.5 16.100000000000001 0 0 1 0 1 0 1 -0 -0 9
0.78539816339744839
3 -84 112.5 16.100000000000001 0 0 1 -1 0 0 -0 1 -0 2.6499999999999999
0.78539816339744839
3 84 112.5 16.100000000000001 0 0 1 -1 0 0 -0 1 -0 2.6499999999999999
0.78539816339744839
1 -85.25 -119.5 -25.25 -0.70710678118654746 0 0.70710678118654746 0 -1 0 -0.70710678118654757 -0 -0.70710678118654757 
1 -85.25 -195.32999999999998 2.75 -0.70710678118654746 0.70710678118654746 0 -0 0 -1 -0.70710678118654757 -0.70710678118654757 0 
1 85.25 -195.32999999999998 2.75 0.70710678118654746 0.70710678118654746 0 0 0 -1 -0.70710678118654757 0.70710678118654757 0 
1 0 -195.57999999999998 -8.875 -0 -1 -0 0 0 -1 1 -0 0 
1 -90 -119.75 -25.25 0 -0.70710678118654746 0.70710678118654746 1 0 0 0 -0.70710678118654757 -0.70710678118654757 
1 85.25 -195.57999999999998 -25.25 0.70710678118654746 0 0.70710678118654746 -0 1 0 0.70710678118654757 0 -0.70710678118654757 
1 -89.75 115.5 16.350000000000001 -0.70710678118654746 0 0.70710678118654746 0 -1 0 0.70710678118654757 0 0.70710678118654757 
3 -87 -192.57999999999998 16.100000000000001 0 0 1 -1 0 0 -0 -1 0 3
-0.78539816339744839
3 -87 -192.57999999999998 -25 -0 0 -1 -0 -1 0 -1 0 0 3
-0.78539816339744839
1 -89.75 -192.57999999999998 -25.25 -0.70710678118654746 0 -0.70710678118654746 0 1 0 0.70710678118654757 0 -0.70710678118654757 
1 85 -119.75 -25.25 0 -0.70710678118654746 0.70710678118654746 1 0 0 0 -0.70710678118654757 -0.70710678118654757 
1 87 118.25 16.350000000000001 0 0.70710678118654746 0.70710678118654746 -1 0 0 0 -0.70710678118654757 0.70710678118654757 
3 87 -192.57999999999998 16.100000000000001 0 0 1 0 -1 0 1 -0 -0 3
-0.78539816339744839
3 87 -192.57999999999998 -25 -0 0 -1 1 0 0 0 -1 -0 3
-0.78539816339744839
1 89.75 -192.57999999999998 16.350000000000001 0.70710678118654746 0 0.70710678118654746 -0 1 0 -0.70710678118654757 -0 0.70710678118654757 
1 89.75 -119.5 -25.25 0.70710678118654746 0 -0.70710678118654746 0 -1 0 -0.70710678118654757 -0 -0.70710678118654757 
1 -87.5 -105.99999999999999 7 0 0 1 1 0 -0 -0 1 0 
1 -59.999999999999986 -112.50000000000001 7 0 0 1 1 0 -0 -0 1 0 
1 -30 -112.50000000000001 7 0 0 1 1 0 -0 -0 1 0 
1 5.9825505798599924e-16 -112.50000000000001 7 0 0 1 1 0 -0 -0 1 0 
1 30 -112.50000000000001 7 0 0 1 1 0 -0 -0 1 0 
1 60 -112.50000000000001 7 0 0 1 1 0 -0 -0 1 0 
1 87.500000000000014 -105.99999999999999 7 0 0 1 1 0 -0 -0 1 0 
1 76 -106.75 16.350000000000001 0 -0.70710678118654746 -0.70710678118654746 -1 -0 0 0 -0.70710678118654757 0.70710678118654757 
1 -85.25 -97.5 16.350000000000001 -0.70710678118654746 0 -0.70710678118654746 0 1 0 -0.70710678118654757 -0 0.70710678118654757 
1 85.25 97.5 16.350000000000001 0.70710678118654746 0 -0.70710678118654746 0 -1 0 0.70710678118654757 0 0.70710678118654757 
1 -76 106.75 16.350000000000001 0 -0.70710678118654746 0.70710678118654746 1 0 -0 0 0.70710678118654757 0.70710678118654757 
1 -87.5 105.99999999999999 7 0 0 1 1 0 -0 -0 1 0 
1 -59.999999999999986 112.49999999999999 7 0 0 1 1 0 -0 -0 1 0 
1 -30 112.49999999999999 7 0 0 1 1 0 -0 -0 1 0 
1 5.9825505798599924e-16 112.49999999999999 7 0 0 1 1 0 -0 -0 1 0 
1 30 112.49999999999999 7 0 0 1 1 0 -0 -0 1 0 
1 60 112.49999999999999 7 0 0 1 1 0 -0 -0 1 0 
1 87.500000000000014 105.99999999999999 7 0 0 1 1 0 -0 -0 1 0 
1 -87.5 -157.53999999999999 -25.5 -0 -0 -1 -1 0 0 0 1 -0 
1 -85 -195.07999999999998 -24.999999999999996 0.57735026918962851 -0.57735026918962851 -0.57735026918962029 0 -0.70710678118654247 0.70710678118655257 -0.81649658092772415 -0.4082482904638679 -0.40824829046386207 
1 85 -195.07999999999998 -24.999999999999996 0.57735026918962851 0.57735026918962851 0.57735026918962029 0 -0.70710678118654247 0.70710678118655257 0.81649658092772415 -0.4082482904638679 -0.40824829046386207 
1 -85 -195.32999999999998 -25.25 0 -0.70710678118654746 -0.70710678118654746 -1 -0 0 -0 0.70710678118654757 -0.70710678118654757 
1 -87 -195.32999999999998 16.350000000000001 0 -0.70710678118654746 0.70710678118654746 1 0 0 -0 0.70710678118654757 0.70710678118654757 
1 87 -195.32999999999998 -25.25 0 -0.70710678118654746 -0.70710678118654746 -1 -0 0 -0 0.70710678118654757 -0.70710678118654757 
1 87.5 -157.53999999999999 -25.5 -0 -0 -1 -1 0 0 0 1 -0 
1 0 0 16.600000000000001 0 0 1 1 0 -0 -0 1 0 
Triangulations 0

TShapes 511
Ve
0.0001
-85 -195.08 2.75
0 0

0101101
*
Ve
1e-07
-85 -119.5 2.75
0 0

0101101
*
Ed
 1e-07 1 1 0
1  1 0 0 75.58
0

0101000
-511 0 +510 0 *
Ve
0.0001
85 -195.08 2.75
0 0

0101101
*
Ed
 1e-07 1 1 0
1  2 0 -0 170
0

0101000
+508 0 -511 0 *
Ve
1e-07
-90 -119.5 2.75
0 0

0101101
*
Ed
 1e-07 1 1 0
1  3 0 0 5
0

0101000
+506 0 -510 0 *
Ve
1e-07
85 -119.5 2.75
0 0

0101101
*
Ed
 1e-07 1 1 0
1  4 0 0.5 76.08
0

0101000
+508 0 -504 0 *
Ve
1e-07
-90 115.5 2.75
0 0

0101101
*
Ed
 1e-07 1 1 0
1  5 0 76.08 311.08
0

0101000
-502 0 +506 0 *
Ve
1e-07
90 -119.5 2.75
0 0

0101101
*
Ed
 1e-07 1 1 0
1  6 0 0 5
0

0101000
+504 0 -500 0 *
Ve
1.5e-07
-87 118.5 2.75
0 0

0101101
*
Ed
 1e-07 1 1 0
1  7 0 4.71238898038469 6.28318530717959
2  1 2 0 4.71238898038469 6.28318530717959
0

0101000
+502 0 -498 0 *
Ve
1e-07
90 115.5 2.75
0 0

0101101
*
Ed
 1e-07 1 1 0
1  8 0 3 238
0

0101000
+496 0 -500 0 *
Ve
1.5e-07
87 118.5 2.75
0 0

0101101
*
Ed
 1.5e-07 1 1 0
1  9 0 -87 87
0

0101000
+498 0 -494 0 *
Ed
 1e-07 1 1 0
1  10 0 3.14159265358979 4.71238898038469
2  2 3 0 3.14159265358979 4.71238898038469
0

0101000
+494 0 -496 0 *
Wi

0101100
+509 0 -507 0 +505 0 +503 0 -501 0 +499 0 -497 0 -495 0 -493 0 -492 0 
*
Ve
1e-07
-86.65 -112.5 2.75
0 0

0101101
*
Ed
 1e-07 1 1 0
1  11 0 0 6.28318530717959
2  3 4 1 0 6.28318530717959
0

0101000
+490 0 -490 0 *
Wi

0101100
+489 0 *
Ve
1e-07
-86.5 -106 2.75
0 0

0101101
*
Ed
 1e-07 1 1 0
1  12 0 0 6.28318530717959
2  4 5 0 0 6.28318530717959
0

0101000
+487 0 -487 0 *
Wi

0101100
+486 0 *
Ve
1e-07
-59 -112.5 2.75
0 0

0101101
*
Ed
 1e-07 1 1 0
1  13 0 0 6.28318530717959
2  5 6 0 0 6.28318530717959
0

0101000
+484 0 -484 0 *
Wi

0101100
+483 0 *
Ve
1e-07
-29 -112.5 2.75
0 0

0101101
*
Ed
 1e-07 1 1 0
1  14 0 0 6.28318530717959
2  6 7 0 0 6.28318530717959
0

0101000
+481 0 -481 0 *
Wi

0101100
+480 0 *
Ve
1e-07
1 -112.5 2.75
0 0

0101101
*
Ed
 1e-07 1 1 0
1  15 0 0 6.28318530717959
2  7 8 0 0 6.28318530717959
0

0101000
+478 0 -478 0 *
Wi

0101100
+477 0 *
Ve
1e-07
31 -112.5 2.75
0 0

0101101
*
Ed
 1e-07 1 1 0
1  16 0 0 6.28318530717959
2  8 9 0 0 6.28318530717959
0

0101000
+475 0 -475 0 *
Wi

0101100
+474 0 *
Ve
1e-07
61 -112.5 2.75
0 0

0101101
*
Ed
 1e-07 1 1 0
1  17 0 0 6.28318530717959
2  9 10 0 0 6.28318530717959
0

0101000
+472 0 -472 0 *
Wi

0101100
+471 0 *
Ve
1e-07
81.35 -112.5 2.75
0 0

0101101
*
Ed
 1e-07 1 1 0
1  18 0 0 6.28318530717959
2  10 11 2 0 6.28318530717959
0

0101000
+469 0 -469 0 *
Wi

0101100
+468 0 *
Ve
1e-07
88.5 -106 2.75
0 0

0101101
*
Ed
 1e-07 1 1 0
1  19 0 0 6.28318530717959
2  11 12 0 0 6.28318530717959
0

0101000
+466 0 -466 0 *
Wi

0101100
+465 0 *
Ve
1.5e-07
-76 -106.5 2.75
0 0

0101101
*
Ve
1.5e-07
76 -106.5 2.75
0 0

0101101
*
Ed
 1e-07 1 1 0
1  20 0 0 152
0

0101000
+463 0 -462 0 *
Ve
1.5e-07
-85 -97.5 2.75
0 0

0101101
*
Ed
 1e-07 1 1 0
1  21 0 4.71238898038469 6.28318530717959
2  12 13 0 4.71238898038469 6.28318530717959
0

0101000
+463 0 -460 0 *
Ve
1.5e-07
85 -97.5 2.75
0 0

0101101
*
Ed
 1e-07 1 1 0
1  22 0 4.71238898038469 6.28318530717959
2  13 14 0 4.71238898038469 6.28318530717959
0

0101000
+462 0 -458 0 *
Ve
1.5e-07
-85 97.5 2.75
0 0

0101101
*
Ed
 1.5e-07 1 1 0
1  23 0 -97.5 97.5
0

0101000
+460 0 -456 0 *
Ve
1.5e-07
85 97.5 2.75
0 0

0101101
*
Ed
 1.5e-07 1 1 0
1  24 0 -97.5 97.5
0

0101000
+454 0 -458 0 *
Ve
1.5e-07
-76 106.5 2.75
0 0

0101101
*
Ed
 1e-07 1 1 0
1  25 0 4.71238898038469 6.28318530717959
2  14 15 0 4.71238898038469 6.28318530717959
0

0101000
+452 0 -456 0 *
Ve
1.5e-07
76 106.5 2.75
0 0

0101101
*
Ed
 1e-07 1 1 0
1  26 0 4.71238898038469 6.28318530717959
2  15 16 0 4.71238898038469 6.28318530717959
0

0101000
+450 0 -454 0 *
Ed
 1.5e-07 1 1 0
1  27 0 -33.5 118.5
0

0101000
+450 0 -452 0 *
Wi

0101100
-461 0 +459 0 -457 0 +455 0 +453 0 -451 0 +449 0 -448 0 *
Ve
1e-07
-86.5 106 2.75
0 0

0101101
*
Ed
 1e-07 1 1 0
1  28 0 0 6.28318530717959
2  16 17 0 0 6.28318530717959
0

0101000
+446 0 -446 0 *
Wi

0101100
+445 0 *
Ve
1e-07
-86.65 112.5 2.75
0 0

0101101
*
Ed
 1e-07 1 1 0
1  29 0 0 6.28318530717959
2  17 18 3 0 6.28318530717959
0

0101000
+443 0 -443 0 *
Wi

0101100
+442 0 *
Ve
1e-07
-59 112.5 2.75
0 0

0101101
*
Ed
 1e-07 1 1 0
1  30 0 0 6.28318530717959
2  18 19 0 0 6.28318530717959
0

0101000
+440 0 -440 0 *
Wi

0101100
+439 0 *
Ve
1e-07
-29 112.5 2.75
0 0

0101101
*
Ed
 1e-07 1 1 0
1  31 0 0 6.28318530717959
2  19 20 0 0 6.28318530717959
0

0101000
+437 0 -437 0 *
Wi

0101100
+436 0 *
Ve
1e-07
1 112.5 2.75
0 0

0101101
*
Ed
 1e-07 1 1 0
1  32 0 0 6.28318530717959
2  20 21 0 0 6.28318530717959
0

0101000
+434 0 -434 0 *
Wi

0101100
+433 0 *
Ve
1e-07
31 112.5 2.75
0 0

0101101
*
Ed
 1e-07 1 1 0
1  33 0 0 6.28318530717959
2  21 22 0 0 6.28318530717959
0

0101000
+431 0 -431 0 *
Wi

0101100
+430 0 *
Ve
1e-07
61 112.5 2.75
0 0

0101101
*
Ed
 1e-07 1 1 0
1  34 0 0 6.28318530717959
2  22 23 0 0 6.28318530717959
0

0101000
+428 0 -428 0 *
Wi

0101100
+427 0 *
Ve
1e-07
88.5 106 2.75
0 0

0101101
*
Ed
 1e-07 1 1 0
1  35 0 0 6.28318530717959
2  23 24 0 0 6.28318530717959
0

0101000
+425 0 -425 0 *
Wi

0101100
+424 0 *
Ve
1e-07
81.35 112.5 2.75
0 0

0101101
*
Ed
 1e-07 1 1 0
1  36 0 0 6.28318530717959
2  24 25 4 0 6.28318530717959
0

0101000
+422 0 -422 0 *
Wi

0101100
+421 0 *
Fa
0  1e-07 1 0

0101000
+491 0 +488 0 +485 0 +482 0 +479 0 +476 0 +473 0 +470 0 +467 0 +464 0 
+447 0 +444 0 +441 0 +438 0 +435 0 +432 0 +429 0 +426 0 +423 0 +420 0 
*
Ve
0.0001
-85 -119.5 -25
0 0

0101101
*
Ed
 1e-07 1 1 0
1  37 0 0 27.75
0

0101000
-418 0 +510 0 *
Ve
0.0001
-85 -195.08 -25
0 0

0101101
*
Ed
 1e-07 1 1 0
1  38 0 0 75.58
2  25 27 0 0 75.58
2  26 28 0 0 75.58
0

0101000
+418 0 -416 0 *
Ed
 1e-07 1 1 0
1  39 0 -0 27.75
0

0101000
+511 0 -416 0 *
Wi

0101100
+417 0 +415 0 -509 0 -414 0 *
Fa
0  1e-07 26 0

0101000
+413 0 *
Ve
0.0001
85.5 -195.58 3.25
0 0

0101101
*
Ed
 1e-07 1 1 0
1  40 0 -0.288675134594811 0.577350269189629
0

0101000
+508 0 -411 0 *
Ve
0.0001
-85.5 -195.58 3.25
0 0

0101101
*
Ed
 1e-07 1 1 0
1  41 0 -0.5 170.5
0

0101000
+411 0 -409 0 *
Ed
 1e-07 1 1 0
1  42 0 48.7860977465234 49.6521231503078
0

0101000
+511 0 -409 0 *
Wi

0101100
-410 0 +507 0 -408 0 +407 0 *
Fa
0  1e-07 29 0

0101000
+406 0 *
Ve
0.0001
-90 -119.5 -25
0 0

0101101
*
Ed
 1e-07 1 1 0
1  43 0 0 27.75
0

0101000
-404 0 +506 0 *
Ed
 1e-07 1 1 0
1  44 0 0 5
2  27 31 0 0 5
2  28 32 0 0 5
0

0101000
+404 0 -418 0 *
Wi

0101100
+403 0 +402 0 -505 0 -417 0 *
Fa
0  1e-07 30 0

0101000
+401 0 *
Ve
0.0001
85 -119.5 -25
0 0

0101101
*
Ed
 1e-07 1 1 0
1  45 0 0 27.75
0

0101000
-399 0 +504 0 *
Ve
0.0001
85 -195.08 -25
0 0

0101101
*
Ed
 1e-07 1 1 0
1  46 0 0.5 76.08
2  29 34 0 0.5 76.08
2  30 35 0 0.5 76.08
0

0101000
+397 0 -399 0 *
Ed
 1e-07 1 1 0
1  47 0 -0 27.75
0

0101000
+508 0 -397 0 *
Wi

0101100
-398 0 +396 0 -503 0 +395 0 *
Fa
0  1e-07 33 0

0101000
+394 0 *
Ve
1e-07
-90 115.5 16.1
0 0

0101101
*
Ed
 1e-07 1 1 0
1  48 0 0.5 13.85
2  31 2 0 0.5 13.85
4 G1 36 0 2 0
0

0101000
+392 0 -502 0 *
Ve
1e-07
-90 -192.58 16.1
0 0

0101101
*
Ed
 1e-07 1 1 0
1  49 0 0 308.08
0

0101000
+392 0 -390 0 *
Ve
1e-07
-90 -192.58 -25
0 0

0101101
*
Ed
 1e-07 1 1 0
1  50 0 0.5 41.6
2  32 37 0 0.5 41.6
4 G1 36 0 37 0
0

0101000
+388 0 -390 0 *
Ed
 1e-07 1 1 0
1  51 0 -0 73.08
0

0101000
+388 0 -404 0 *
Wi

0101100
+391 0 -389 0 -501 0 +387 0 +403 0 -386 0 *
Fa
0  1e-07 36 0

0101000
+385 0 *
Ve
0.0001
90 -119.5 -25
0 0

0101101
*
Ed
 1e-07 1 1 0
1  52 0 0 5
2  33 39 0 0 5
2  34 40 0 0 5
0

0101000
+399 0 -383 0 *
Ed
 1e-07 1 1 0
1  53 0 0 27.75
0

0101000
-383 0 +500 0 *
Wi

0101100
+398 0 +382 0 -499 0 -381 0 *
Fa
0  1e-07 38 0

0101000
+380 0 *
Ve
1e-07
-87 118.5 16.1
0 0

0101101
*
Ed
 1e-07 1 1 0
1  54 0 -0 1.5707963267949
2  35 2 0 -0 1.5707963267949
2  36 41 0 -0 1.5707963267949
0

0101000
+378 0 -392 0 *
Ed
 1e-07 1 1 0
1  55 0 0.5 13.85
2  37 2 0 0.5 13.85
4 G1 2 0 42 0
0

0101000
+378 0 -498 0 *
Wi

0101100
-391 0 -377 0 -497 0 +376 0 *
Fa
0  1e-07 2 0

0101000
+375 0 *
Ve
1e-07
90 -192.58 16.1
0 0

0101101
*
Ve
1e-07
90 -192.58 -25
0 0

0101101
*
Ed
 1e-07 1 1 0
1  56 0 0.5 41.6
2  38 44 0 0.5 41.6
4 G1 43 0 44 0
0

0101000
+373 0 -372 0 *
Ve
1e-07
90 115.5 16.1
0 0

0101101
*
Ed
 1e-07 1 1 0
1  57 0 -0 308.08
0

0101000
+373 0 -370 0 *
Ed
 1e-07 1 1 0
1  58 0 0 73.08
0

0101000
+383 0 -372 0 *
Ed
 1e-07 1 1 0
1  59 0 0 13.35
2  39 3 0 0 13.35
4 G1 43 0 3 0
0

0101000
-370 0 +496 0 *
Wi

0101100
+371 0 -369 0 -368 0 +367 0 -381 0 -495 0 *
Fa
0  1e-07 43 0

0101000
+366 0 *
Ve
1e-07
87 118.5 16.1
0 0

0101101
*
Ed
 1e-07 1 1 0
1  60 0 0 13.35
2  40 3 0 0 13.35
4 G1 42 0 3 0
0

0101000
-364 0 +494 0 *
Ed
 1e-07 1 1 0
1  61 0 -0 174
0

0101000
+364 0 -378 0 *
Wi

0101100
-363 0 -362 0 -493 0 -376 0 *
Fa
0  1e-07 42 0

0101000
+361 0 *
Ed
 1e-07 1 1 0
1  62 0 -0 1.5707963267949
2  41 3 0 -0 1.5707963267949
2  42 45 0 -0 1.5707963267949
0

0101000
+370 0 -364 0 *
Wi

0101100
-363 0 +359 0 +492 0 +367 0 *
Fa
0  1e-07 3 0

0101000
+358 0 *
Ve
1e-07
-86.65 -112.5 16.1
0 0

0101101
*
Ed
 1e-07 1 1 0
1  63 0 0.5 13.85
3  43 44CN 4 0 0.5 13.85
0

0101000
+356 5 -490 5 *
Ed
 1e-07 1 1 0
1  64 0 0 6.28318530717959
2  45 4 1 0 6.28318530717959
2  46 46 0 0 6.28318530717959
0

0101000
+356 0 -356 0 *
Wi

0101100
+355 1 +354 0 -489 0 -355 1 *
Fa
0  1e-07 4 1

0101000
+353 0 *
Ve
1e-07
-86.5 -106 7
0 0

0101101
*
Ed
 1e-07 1 1 0
1  65 0 -4.25 -0
3  47 48CN 5 0 -4.25 -0
0

0101000
+351 0 -487 0 *
Ed
 1e-07 1 1 0
1  66 0 0 6.28318530717959
2  49 5 0 0 6.28318530717959
0

0101000
+351 0 -351 0 *
Wi

0101100
-350 0 +486 0 +350 0 +349 0 *
Fa
0  1e-07 5 0

0101000
+348 0 *
Ve
1e-07
-59 -112.5 7
0 0

0101101
*
Ed
 1e-07 1 1 0
1  67 0 -4.25 -0
3  50 51CN 6 0 -4.25 -0
0

0101000
+346 0 -484 0 *
Ed
 1e-07 1 1 0
1  68 0 0 6.28318530717959
2  52 6 0 0 6.28318530717959
0

0101000
+346 0 -346 0 *
Wi

0101100
-345 0 +483 0 +345 0 +344 0 *
Fa
0  1e-07 6 0

0101000
+343 0 *
Ve
1e-07
-29 -112.5 7
0 0

0101101
*
Ed
 1e-07 1 1 0
1  69 0 -4.25 -0
3  53 54CN 7 0 -4.25 -0
0

0101000
+341 0 -481 0 *
Ed
 1e-07 1 1 0
1  70 0 0 6.28318530717959
2  55 7 0 0 6.28318530717959
0

0101000
+341 0 -341 0 *
Wi

0101100
-340 0 +480 0 +340 0 +339 0 *
Fa
0  1e-07 7 0

0101000
+338 0 *
Ve
1e-07
1 -112.5 7
0 0

0101101
*
Ed
 1e-07 1 1 0
1  71 0 -4.25 -0
3  56 57CN 8 0 -4.25 -0
0

0101000
+336 0 -478 0 *
Ed
 1e-07 1 1 0
1  72 0 0 6.28318530717959
2  58 8 0 0 6.28318530717959
0

0101000
+336 0 -336 0 *
Wi

0101100
-335 0 +477 0 +335 0 +334 0 *
Fa
0  1e-07 8 0

0101000
+333 0 *
Ve
1e-07
31 -112.5 7
0 0

0101101
*
Ed
 1e-07 1 1 0
1  73 0 -4.25 -0
3  59 60CN 9 0 -4.25 -0
0

0101000
+331 0 -475 0 *
Ed
 1e-07 1 1 0
1  74 0 0 6.28318530717959
2  61 9 0 0 6.28318530717959
0

0101000
+331 0 -331 0 *
Wi

0101100
-330 0 +474 0 +330 0 +329 0 *
Fa
0  1e-07 9 0

0101000
+328 0 *
Ve
1e-07
61 -112.5 7
0 0

0101101
*
Ed
 1e-07 1 1 0
1  75 0 -4.25 -0
3  62 63CN 10 0 -4.25 -0
0

0101000
+326 0 -472 0 *
Ed
 1e-07 1 1 0
1  76 0 0 6.28318530717959
2  64 10 0 0 6.28318530717959
0

0101000
+326 0 -326 0 *
Wi

0101100
-325 0 +471 0 +325 0 +324 0 *
Fa
0  1e-07 10 0

0101000
+323 0 *
Ve
1e-07
81.35 -112.5 16.1
0 0

0101101
*
Ed
 1e-07 1 1 0
1  77 0 0.5 13.85
3  43 44CN 11 0 0.5 13.85
0

0101000
+321 6 -469 6 *
Ed
 1e-07 1 1 0
1  78 0 0 6.28318530717959
2  65 11 2 0 6.28318530717959
2  66 47 0 0 6.28318530717959
0

0101000
+321 0 -321 0 *
Wi

0101100
+320 2 +319 0 -468 0 -320 2 *
Fa
0  1e-07 11 2

0101000
+318 0 *
Ve
1e-07
88.5 -106 7
0 0

0101101
*
Ed
 1e-07 1 1 0
1  79 0 -4.25 -0
3  67 68CN 12 0 -4.25 -0
0

0101000
+316 0 -466 0 *
Ed
 1e-07 1 1 0
1  80 0 0 6.28318530717959
2  69 12 0 0 6.28318530717959
0

0101000
+316 0 -316 0 *
Wi

0101100
-315 0 +465 0 +315 0 +314 0 *
Fa
0  1e-07 12 0

0101000
+313 0 *
Ve
1e-07
76 -106.5 16.1
0 0

0101101
*
Ed
 1e-07 1 1 0
1  81 0 23.25 36.6
2  70 14 0 23.25 36.6
4 G1 48 0 14 0
0

0101000
-311 0 +462 0 *
Ve
1e-07
-76 -106.5 16.1
0 0

0101101
*
Ed
 1e-07 1 1 0
1  82 0 0 152
2  71 49 0 0 152
2  72 50 0 0 152
0

0101000
+311 0 -309 0 *
Ed
 1e-07 1 1 0
1  83 0 0.5 13.85
2  73 13 0 0.5 13.85
4 G1 48 0 13 0
0

0101000
+309 0 -463 0 *
Wi

0101100
+310 0 +308 0 +461 0 +307 0 *
Fa
0  1e-07 48 0

0101000
+306 0 *
Ve
1e-07
-85 -97.5 16.1
0 0

0101101
*
Ed
 1e-07 1 1 0
1  84 0 0.5 13.85
2  74 13 0 0.5 13.85
4 G1 13 0 51 0
0

0101000
+304 0 -460 0 *
Ed
 1e-07 1 1 0
1  85 0 -0 1.5707963267949
2  75 13 0 -0 1.5707963267949
2  76 52 0 -0 1.5707963267949
0

0101000
+309 0 -304 0 *
Wi

0101100
-303 0 -302 0 +459 0 +307 0 *
Fa
0  1e-07 13 0

0101000
+301 0 *
Ve
1e-07
85 -97.5 16.1
0 0

0101101
*
Ed
 1e-07 1 1 0
1  86 0 23.25 36.6
2  77 14 0 23.25 36.6
4 G1 14 0 53 0
0

0101000
-299 0 +458 0 *
Ed
 1e-07 1 1 0
1  87 0 0 1.5707963267949
2  78 14 0 0 1.5707963267949
2  79 54 0 0 1.5707963267949
0

0101000
+299 0 -311 0 *
Wi

0101100
-298 0 -297 0 -457 0 +310 0 *
Fa
0  1e-07 14 0

0101000
+296 0 *
Ve
1e-07
-85 97.5 16.1
0 0

0101101
*
Ed
 1e-07 1 1 0
1  88 0 23.25 36.6
2  80 15 0 23.25 36.6
4 G1 51 0 15 0
0

0101000
-294 0 +456 0 *
Ed
 1e-07 1 1 0
1  89 0 -0 195
2  81 55 0 -0 195
2  82 56 0 -0 195
0

0101000
+304 0 -294 0 *
Wi

0101100
-293 0 +292 0 -455 0 -303 0 *
Fa
0  1e-07 51 0

0101000
+291 0 *
Ve
1e-07
85 97.5 16.1
0 0

0101101
*
Ed
 1e-07 1 1 0
1  90 0 0 195
2  83 57 0 0 195
2  84 58 0 0 195
0

0101000
+289 0 -299 0 *
Ed
 1e-07 1 1 0
1  91 0 0.5 13.85
2  85 16 0 0.5 13.85
4 G1 53 0 16 0
0

0101000
+289 0 -454 0 *
Wi

0101100
-298 0 +288 0 -453 0 -287 0 *
Fa
0  1e-07 53 0

0101000
+286 0 *
Ve
1e-07
-76 106.5 16.1
0 0

0101101
*
Ed
 1e-07 1 1 0
1  92 0 0 1.5707963267949
2  86 15 0 0 1.5707963267949
2  87 59 0 0 1.5707963267949
0

0101000
+294 0 -284 0 *
Ed
 1e-07 1 1 0
1  93 0 23.25 36.6
2  88 15 0 23.25 36.6
4 G1 15 0 60 0
0

0101000
-284 0 +452 0 *
Wi

0101100
-293 0 -283 0 -451 0 +282 0 *
Fa
0  1e-07 15 0

0101000
+281 0 *
Ve
1e-07
76 106.5 16.1
0 0

0101101
*
Ed
 1e-07 1 1 0
1  94 0 -0 1.5707963267949
2  89 16 0 -0 1.5707963267949
2  90 61 0 -0 1.5707963267949
0

0101000
+279 0 -289 0 *
Ed
 1e-07 1 1 0
1  95 0 0.5 13.85
2  91 16 0 0.5 13.85
4 G1 16 0 60 0
0

0101000
+279 0 -450 0 *
Wi

0101100
-287 0 -278 0 +449 0 +277 0 *
Fa
0  1e-07 16 0

0101000
+276 0 *
Ed
 1e-07 1 1 0
1  96 0 -0 152
0

0101000
+284 0 -279 0 *
Wi

0101100
-277 0 -274 0 -448 0 -282 0 *
Fa
0  1e-07 60 0

0101000
+273 0 *
Ve
1e-07
-86.5 106 7
0 0

0101101
*
Ed
 1e-07 1 1 0
1  97 0 -4.25 -0
3  92 93CN 17 0 -4.25 -0
0

0101000
+271 0 -446 0 *
Ed
 1e-07 1 1 0
1  98 0 0 6.28318530717959
2  94 17 0 0 6.28318530717959
0

0101000
+271 0 -271 0 *
Wi

0101100
-270 0 +445 0 +270 0 +269 0 *
Fa
0  1e-07 17 0

0101000
+268 0 *
Ve
1e-07
-86.65 112.5 16.1
0 0

0101101
*
Ed
 1e-07 1 1 0
1  99 0 0.5 13.85
3  43 44CN 18 0 0.5 13.85
0

0101000
+266 7 -443 7 *
Ed
 1e-07 1 1 0
1  100 0 0 6.28318530717959
2  95 18 3 0 6.28318530717959
2  96 62 0 0 6.28318530717959
0

0101000
